0	2.1351585060	1.3377018410	1.3042326880
1	2.0271487900	1.3780654480	1.2836718520
2	2.0151996810	1.4191305150	1.5242761320
3	2.2433662050	1.3652777830	1.2718555820
4	1.9862185570	1.3774980500	1.4438880360
5	2.0559388100	1.3293097490	1.2846366850
6	2.0320425740	1.3709104250	1.2976923390
7	1.9932695670	1.4775222970	1.3287385140
8	2.1557844700	1.4008347410	1.2945023250
9	2.0411898520	1.3337618420	1.3099444670
10	1.9739391410	1.4216043480	1.3037880600
11	2.0076442090	1.3519618530	1.3004969940
12	2.0438362040	1.3546085530	1.3137710070
13	2.0143659240	1.3886124840	1.3180513510
14	2.0157627930	1.4054630130	1.2988406060
15	1.9763535130	1.3731033610	1.2980599110
16	1.9755374890	1.3600731140	1.3155510820
17	1.9758394000	1.3977895740	1.3326605810
18	2.0091327180	1.3488276730	1.3120566770
19	1.9977481430	1.3359145090	1.2957948960
20	2.0345628950	1.4003071380	1.2989476070
21	2.0658643920	1.3561026200	1.3531877020
22	1.9855168800	1.4935862270	1.2942736060
23	1.9789215070	1.3282090530	1.2871135760
24	2.0623961770	1.3998825360	1.3341285210
25	2.1123190520	1.4260612350	1.3597933680
26	2.1251896040	1.4275295020	1.3207630180
27	2.0169073430	1.4443262230	1.2698130960
28	2.0306799570	1.5433938510	1.3451615330
29	2.0691226710	1.4245111620	1.3225673040
30	2.1083987080	1.4222884630	1.3427915460
31	2.0893088100	1.3736994520	1.3402042340
32	2.0559173720	1.3846083480	1.2746864760
33	2.0224887640	1.3413502150	1.3859519850
34	2.0670935330	1.3762573130	1.2685129620
35	2.0113663450	1.3972061130	1.3117936410
36	1.9935151370	1.3418498480	1.2903688770
37	2.0600810780	1.3555840100	1.2930774390
38	2.0488461070	1.3362299970	1.3532797110
39	2.0445599740	1.3844515350	1.3851058720
40	1.9983149330	1.3789513390	1.3817395480
41	2.0112065090	1.3527323620	1.4245123750
42	2.0391844380	1.3469466850	1.2887749720
43	2.0348705030	1.3340305890	1.2941138940
44	1.9765495050	1.4034541790	1.2741785650
45	2.0889897040	1.3453363920	1.2823527510
46	1.9909336210	1.3518737110	1.2653989700
47	2.0330485650	1.4260586890	1.2914366080
48	2.0629279050	1.3848892820	1.4587672150
49	2.0490903680	1.3625690100	1.2856800660
50	2.0397944270	1.4027825170	1.2667164050
51	2.0114161360	1.3826670210	1.3036156700
52	2.0656336490	1.3476360570	1.5246524840
53	2.1096934370	1.3684975190	1.2877648120
54	2.0449614050	1.4313271910	1.3803596210
55	2.1016506230	1.4185710940	1.3504887860
56	2.0526817180	1.4113028000	1.3497626860
57	2.0080823740	1.3423215340	1.4371392470
58	2.1498256190	1.4197826060	1.2922063980
59	2.0003376460	1.3367558980	1.3108420800
60	2.1013496490	1.3453683500	1.2926109800
61	2.1959503170	1.3611037190	1.3008987110
62	2.0260625960	1.3882121010	1.2972590840
63	2.0205305740	1.4385260180	1.3164278340
64	2.1498206340	1.3577452400	1.2933303310
65	2.0321834870	1.3394756310	1.2859406830
66	2.0014419850	1.3504544850	1.2714099130
67	1.9777738910	1.3704812860	1.2765530820
68	1.9619365340	1.3729151330	1.3006517370
69	2.0266489030	1.3461356800	1.3061564380
70	1.9703715870	1.3718214250	1.3007677570
71	1.9827944360	1.3659702760	1.2847620490
72	2.1275517970	1.5691315210	1.3071547610
73	2.1758304840	1.3609861130	1.4076370360
74	2.0372378560	1.3519531220	1.3456831550
75	2.0834423890	1.3843049390	1.3584357020
76	2.0724625110	1.4784314600	1.3999094170
77	2.2417356410	1.3838669390	1.3613729440
78	1.9729819480	1.4502249900	1.5523052500
79	2.2802495730	1.3789408970	1.2915326480
80	2.0728372300	1.3606265120	1.2804081430
81	1.9951766460	1.4449235810	1.3197056620
82	2.0989691150	1.3801215240	1.3025119200
83	2.0338780560	1.3799753530	1.3544582150
84	2.0301585000	1.4008031580	1.3126866560
85	2.0623196480	1.4254591210	1.3481231370
86	2.0272538680	1.4720752580	1.3097692990
87	2.0192855740	1.3566716250	1.3130102190
88	2.0533386680	1.3778764950	1.3441122370
89	1.9919846850	1.3273537030	1.3032798600
90	2.1360260430	1.4044447200	1.3390312310
91	2.0392892140	1.4578149200	1.3419954390
92	2.0650083720	1.3513100620	1.3190448120
93	2.0452203910	1.3421935320	1.3147588450
94	2.0174969040	1.3916938390	1.3237260880
95	2.0127464270	1.3936500390	1.3820978140
96	2.0143835120	1.3357324930	1.3459363760
97	2.1779903660	1.4168891600	1.3298269650
98	2.0759344670	1.3945923870	1.2704377330
99	2.0024692490	1.3765052370	1.3258758050
100	1.9588510000	1.5155807720	1.3571279390
101	2.0938810750	1.3490041010	1.3046693100
102	2.0176980990	1.4300966320	1.3077417920
103	2.0563436530	1.3556793320	1.3144525700
104	2.0903554330	1.3655042210	1.3431855260
105	2.0285127800	1.4317790490	1.3372139270
106	2.0472078300	1.4615457760	1.3158740260
107	2.0046875230	1.3941136720	1.3134268540
108	2.1541557720	1.3922602830	1.2893595060
109	2.0091939020	1.3978590260	1.3786094290
110	2.0342650980	1.3884950030	1.3148515950
111	2.0758539280	1.3317801580	1.3923968400
112	1.9912155020	1.3837413440	1.3383168510
113	2.0357433540	1.3754127560	1.3615553500
114	2.0166028530	1.3285412220	1.3797415420
115	1.9872083270	1.4625506660	1.3446620950
116	2.0159977310	1.3437795750	1.2832827490
117	1.9627058920	1.3808698920	1.3309531680
118	2.0186103730	1.3751406090	1.2984441640
119	1.9949775090	1.3639500840	1.4612301250
120	2.0097075810	1.4123616840	1.2784834230
121	2.1294906720	1.3593847070	1.2681395080
122	2.0068957790	1.3658146550	1.2626172810
123	1.9888268520	1.4072299040	1.3419506700
124	2.0611630830	1.3688585620	1.3166379650
125	2.0696680060	1.3581516680	1.3134422020
126	2.0181188780	1.3486232860	1.2861366340
127	2.0560441190	1.3978260480	1.2829849650
128	2.0368604110	1.4259521960	1.3398884510
129	2.1070906370	1.4372693360	1.3192140440
130	2.2186679890	1.4098172510	1.3671337460
131	2.1189933380	1.4064989430	1.3004411220
132	1.9917028230	1.3345024620	1.3560690220
133	1.9870437260	1.3504444190	1.3473786590
134	2.0541054520	1.3723282640	1.2641587540
135	2.0279311520	1.3617926560	1.2772295020
136	2.1054037930	1.3884871480	1.3185008910
137	1.9747993400	1.3754563630	1.3281351160
138	2.0600076670	1.4019871500	1.3073936850
139	2.0616486750	1.4145281360	1.2950910600
140	2.0270618690	1.3436787870	1.2893049420
141	2.0807865450	1.3636689550	1.4570299580
142	2.0374419430	1.4322507740	1.3168735630
143	1.9749329460	1.3978603460	1.3162201610
144	2.0700017050	1.3438633000	1.2923896010
145	1.9413744400	1.3589801220	1.3159396530
146	2.2069678700	1.4115604180	1.3202152860
147	1.9612682530	1.5302877360	1.3146744360
148	2.0016961920	1.3918758320	1.4003293870
149	1.9030524630	1.2509633560	1.2073695690
150	1.9060484270	1.3331290840	1.1997764570
151	1.8685219080	1.2688361270	1.2306127410
152	1.8576470710	1.2959292880	1.2069523410
153	1.9566064330	1.3734622860	1.2475188290
154	1.8710445290	1.4342484110	1.3296679090
155	1.9543389830	1.4152260920	1.2065749900
156	1.8448578360	1.2726139050	1.1947731680
157	2.0023736280	1.2591282940	1.2102643890
158	1.8542928000	1.2653015560	1.1912503410
159	2.0140656270	1.2495017290	1.2172412830
160	1.9761294650	1.3227045690	1.2649798030
161	1.9372586660	1.3120054860	1.2933518150
162	2.0397094350	1.2707468120	1.1896842500
163	1.9430124590	1.3160089700	1.2494816410
164	1.8934607630	1.4542051320	1.2495794370
165	1.9498699630	1.3484355200	1.2160760840
166	1.8688294440	1.2848863730	1.1968270300
167	1.8689876190	1.2489018810	1.2548139760
168	1.8532673230	1.3212743740	1.2211461790
169	1.8678639860	1.2557075040	1.2004875110
170	1.9266386480	1.3633127090	1.2107388040
171	2.0749543670	1.3605093630	1.2584061450
172	1.8663926990	1.4698072290	1.2018366590
173	2.0262680390	1.2746298260	1.2144744890
174	1.8776718310	1.2632215960	1.1946686340
175	1.9164882930	1.3018095540	1.1953785710
176	1.8652716780	1.2594589400	1.2044963100
177	1.8791422900	1.2524349010	1.1921417840
178	1.9013024610	1.3226744860	1.2451093170
179	1.9034694970	1.2593913950	1.2028617000
180	1.9410331570	1.2613359040	1.2649234100
181	1.9078491350	1.3850954350	1.2351594570
182	2.0305786470	1.2982606320	1.2971827390
183	1.9644211270	1.3727361450	1.2929970820
184	2.0256350950	1.3825360760	1.4622550580
185	2.0592172230	1.4023428340	1.3256435690
186	2.1093335950	1.3469489980	1.2102605840
187	1.9968897410	1.3876770150	1.4220521660
188	2.2959325990	1.3210970540	1.2755740650
189	1.9406237970	1.4085328730	1.2545677690
190	1.8932336680	1.2771544740	1.2307526650
191	2.0236473700	1.4038557000	1.2290933030
192	1.9596216430	1.3592384680	1.2950952860
193	1.9616214210	1.3309713200	1.2418346360
194	1.9067113870	1.2799372260	1.2385664050
195	2.0340031090	1.3334230770	1.2366379360
196	1.9841978470	1.3559713720	1.3346398830
197	2.0138021240	1.4650981850	1.3080001080
198	2.1341304070	1.3558439010	1.4036064130
199	2.2084226270	1.4055624790	1.3047232860
200	2.1273797590	1.4420964800	1.3001315200
201	2.0413589590	1.2970681720	1.3007657010
202	1.9696498310	1.2977807110	1.2078471080
203	1.9054261770	1.3359713520	1.2911949590
204	1.8873962160	1.2893677630	1.2290652950
205	1.9100964140	1.2763084920	1.2487968590
206	1.9216617250	1.3287019310	1.3671929820
207	2.1672897080	1.3759020470	1.3614842630
208	2.1387185480	1.5227286980	1.3311558110
209	2.0851979150	1.4118071300	1.3392091330
210	2.1191098890	1.2805575180	1.2272597740
211	1.9010321720	1.2852975450	1.2044284640
212	2.0245033650	1.3458962080	1.3481319280
213	1.8723394930	1.3378165060	1.2199903480
214	2.0106214140	1.3863602560	1.2202956150
215	2.0921502060	1.4665802620	1.2473086060
216	2.1611206310	1.2932889100	1.6401977890
217	2.1345588450	1.3001304190	1.4473693420
218	2.0840411500	1.4383118120	1.2189812390
219	1.9135256540	1.3661753520	1.4054256890
220	2.0137632200	1.4135961010	1.3081383990
221	1.8892971990	1.3957030950	1.2494671910
222	1.9702684870	1.3935979720	1.2534595260
223	2.0132262830	1.3337672820	1.3229519080
224	1.9425301600	1.3338127280	1.2657532160
225	1.9904898060	1.7809513700	1.3904117940
226	2.1438076060	1.4452318190	1.2469631360
227	2.0371496950	1.5990874970	1.2606922710
228	1.8961517840	1.5351169650	1.2577406460
229	2.0386027280	1.2984322200	1.4182813370
230	1.9724102950	1.2895086710	1.3016468260
231	2.0011095440	1.4100258160	1.2723654370
232	1.8934948930	1.3920381720	1.3109227580
233	1.9153364500	1.3116196970	1.3168022760
234	1.8791687950	1.3811747490	1.2370797460
235	1.9213177120	1.3368069090	1.2808473610
236	1.9210014830	1.2846232710	1.2472294690
237	1.9778133060	1.3226815470	1.2354342350
238	1.9114315650	1.3862625220	1.2539125140
239	1.9663040480	1.3242408160	1.3412165120
240	1.8952487900	1.3214516970	1.3170781960
241	1.9120840860	1.3140091210	1.3254405880
242	1.8754130490	1.3924297270	1.2041391920
243	1.9388810070	1.3737708040	1.2383070780
244	1.9191246810	1.4045549900	1.2887353340
245	1.9018327700	1.3168364770	1.3258364540
246	1.9136957350	1.3248147480	1.2613650690
247	1.9207450340	1.3431800050	1.3214758270
248	1.9586063090	1.4079248040	1.2601705980
249	1.9353683310	1.4142359730	1.2968200490
250	1.9923684290	1.2689493470	1.2682122590
251	1.9396860460	1.3302737290	1.3157398990
252	1.9359039460	1.3511178490	1.2960463610
253	1.8904379660	1.3995458990	1.2831798220
254	2.1260342380	1.2928993180	1.2115875810
255	1.9029439900	1.3775877280	1.2487264340
256	1.9201658480	1.3555694460	1.2142319730
257	1.8823202150	1.3886378490	1.2215596070
258	1.8873897580	1.3487772700	1.2868442760
259	1.8783460540	1.3849080280	1.2502911120
260	1.9290433030	1.2624702410	1.2635674600
261	1.8879793320	1.3322379620	1.2221578910
262	1.9369482890	1.3918975940	1.3401440730
263	1.9178625740	1.3786948250	1.2232940690
264	1.9620993460	1.3203031060	1.3328621480
265	1.9084515920	1.3843391230	1.2937093660
266	1.8989798010	1.3306721410	1.2808874300
267	1.9370872280	1.3517253910	1.2565757450
268	1.9826631920	1.3369971540	1.2842137850
269	1.9241514740	1.3079666980	1.3320973870
270	1.9382762690	1.2931341020	1.3289825160
271	2.1178713040	1.4075306190	1.4041910970
272	2.0833829900	1.4514180120	1.4929060950
273	2.2205339570	1.4779636730	1.3824425720
274	2.1500407240	1.3773538460	1.3083056120
275	1.9524936960	1.3615298790	1.3888119480
276	2.0966759890	1.4397529260	1.2720246980
277	1.9005201370	1.3345892470	1.2051688350
278	1.8868720310	1.3050540790	1.5824041480
279	2.4512214930	1.7523210510	1.3672635030
280	1.9864550190	1.3891060430	1.3275023720
281	2.0163289920	1.3087895620	1.3047109350
282	1.8706120740	1.3919774120	1.2784438690
283	1.9191048840	1.2980616830	1.2661358920
284	1.8884655630	1.3892820420	1.2449911280
285	1.9689204320	1.4403443710	1.2264019360
286	1.9246104290	1.4069643780	1.2683461700
287	1.9069171660	1.2666637270	1.3238812810
288	1.9637116280	1.3580600890	1.2167118990
289	1.9757587320	1.3317495610	1.3367603260
290	2.0198720400	1.3444518470	1.3472256460
291	1.9251111310	1.3187604880	1.3654253640
292	2.0728088610	1.3696285430	1.2453776240
293	1.9994603500	1.2801532320	1.2472284620
294	1.8728653340	1.2953893500	1.2504873910
295	1.9763830810	1.2884354690	1.3311711720
296	1.8898544210	1.2632505330	1.2588650070
297	1.9238823600	1.3791643160	1.2756918080
298	1.9260824420	1.2689580100	1.3147980580
299	1.8901746630	1.2691015850	1.3223934830
300	1.9252537380	1.2702551880	1.2747047990
301	1.9661626270	1.3166113940	1.2835323570
302	1.9464769640	1.2693598190	1.3372380130
303	1.9617477920	1.4002869790	1.3028480740
304	1.9066448860	1.3161961720	1.2052884250
305	1.9638276760	1.3864975950	1.2436255550
306	1.8965993820	1.3037882650	1.3126184240
307	1.9581723800	1.4499372570	1.2526717620
308	1.9250598970	1.3394586640	1.2717192290
309	1.9849003900	1.3529637550	1.2290993820
310	1.9224428510	1.3827721300	1.3249172890
311	1.9126596440	1.3600299870	1.3058897080
312	1.9400743140	1.3375273630	1.3721138100
313	2.0601421730	1.4387899130	1.2968326740
314	2.0702234020	1.3732341900	1.3799457360
315	2.2194243630	1.4849822290	1.3773373730
316	2.1270716720	1.5804259930	1.3451764390
317	2.1477671950	1.4267203840	1.4623318970
318	1.9660281770	1.3261438870	1.2603028820
319	1.9408967260	1.3495943660	1.2433988860
320	1.9105505550	1.3280163650	1.2867558010
321	1.9175917240	1.3373374030	1.2961942430
322	1.9128420070	1.3621323820	1.2954814630
323	1.9106887560	1.3163406390	1.2728489490
324	1.9498978200	1.2739100840	1.3106979270
325	1.9960864810	1.4603955180	1.3538344220
326	2.0253016410	1.9183274600	1.5914846990
327	2.8353943640	1.4368434620	1.2593668120
328	1.9843004660	1.3002130830	1.2052195180
329	1.8887233680	1.2621698900	1.2792832490
330	2.1482539450	1.5690204000	1.5678567980
331	1.9767469760	1.3228766050	1.2621545390
332	1.8922698200	1.3865678400	1.2393248840
333	1.9445472160	1.4160385170	1.2666005660
334	1.9170680690	1.3231794870	1.2212214170
335	1.9670500890	1.3528142440	1.3100743500
336	1.9412464350	1.3515162740	1.2989551720
337	2.0247289950	1.4028095740	1.2997443820
338	1.9638848040	1.4024316810	1.3112294910
339	1.9309349390	1.3644172950	1.2713062930
340	1.9467429620	1.3848807680	1.3015523350
341	2.0498917660	1.3737714530	1.3179924550
342	1.9924114930	1.3507092530	1.2515954980
343	2.0950779660	1.3751575330	1.3199407260
344	2.0430434080	1.4448433120	1.3002967890
345	2.0026311460	1.3870155120	1.3083636490
346	1.9900778240	1.4063300690	1.3056611290
347	1.9699851300	1.3659302800	1.2837617320
348	1.9933502160	1.3552781000	1.3436191430
349	1.9660875390	1.4171252740	1.2993327620
350	1.9631198490	1.3205476630	1.2920076070
351	1.9415567040	1.3373974830	1.4784368650
352	2.2022026890	1.3982011760	1.3347278630
353	1.9901868880	1.3845670110	1.3019086630
354	2.0412277490	1.3710847670	1.3301944960
355	2.0112629630	1.3558032170	1.3601679730
356	1.9719052640	1.3631825910	1.2609306440
357	2.2763925600	1.3503746820	1.2737500090
358	2.1183287590	1.4049201510	1.2704070870
359	2.0668087210	1.4590518510	1.3950554870
360	2.0389885050	1.3923439100	1.2807578760
361	2.0104422680	1.3903424260	1.3135276570
362	1.9848277620	1.3935136430	1.2893572310
363	1.9589019910	1.4676183360	1.3026062630
364	1.9839002030	1.3964154240	1.2862313550
365	1.9468510710	1.4466227850	1.2858961790
366	1.9812514010	1.5399596630	1.3980845600
367	2.1563183770	1.4311256080	1.3726533790
368	2.1106179510	1.4080681120	1.3171460420
369	2.0000528760	1.3602774250	1.3746843090
370	1.9726859520	1.4129078350	1.3606098320
371	2.0303133130	1.3580733700	1.3152344450
372	2.0345116300	1.3825652720	1.3014496690
373	2.0014240490	1.4347141640	1.2604121540
374	2.0142478690	1.4111379580	1.2982196560
375	1.9542443770	1.4415097380	1.4900531010
376	2.0430172010	1.3956449520	1.3143119700
377	2.0002262070	1.4246730600	1.3388888120
378	2.1094766020	1.4969124750	1.3610000890
379	2.2783031510	1.4177192710	1.3936576480
380	2.1674285360	1.4689933620	1.6286580970
381	2.1405242210	1.5183789330	1.3498231450
382	2.1327002750	1.3733216640	1.4541236070
383	2.0301540480	1.4097569910	1.2886482960
384	2.0617572150	1.3992362950	1.2739710620
385	2.0383299350	1.3972154360	1.3439238080
386	2.0329052820	1.4913613440	1.5885726940
387	1.9888506970	1.3436754500	1.3141481010
388	2.0523526390	1.3141905380	1.2819968770
389	1.9256454610	1.3463056200	1.2935749340
390	1.9810888240	1.2937347350	1.3256446650
391	2.2651991480	1.4123520120	1.2857267280
392	2.0368895660	1.4046309320	1.3026034710
393	1.9419793260	1.4380893400	1.2599389440
394	1.9613673910	1.4740052160	1.3825803490
395	2.0632542960	1.3106630540	1.3248784640
396	2.1106715080	1.3921876790	1.2646054140
397	2.2344268050	1.5108112760	1.3443413620
398	1.9344489010	1.4238732880	1.2645617020
399	2.0039627120	1.3128011640	1.3083306430
400	1.9766914200	1.3702665240	1.2473684190
401	2.0252584090	1.3506397220	1.3433122850
402	1.9977870420	1.3842138300	1.3127776680
403	2.2047871840	1.4085718680	1.2766117760
404	2.0316281170	1.4274629730	1.2759053010
405	1.9336030120	1.4339568540	1.2804224190
406	2.0166888940	1.3826314710	1.3411293480
407	1.9772288290	1.3856742610	1.2850899440
408	1.9849539270	1.3210782290	1.3227869850
409	2.0156425830	1.3971701230	1.3420087080
410	1.9746365750	1.3433767350	1.2742330310
411	1.9363160130	1.3516750680	1.2797630710
412	1.9539912780	1.4033552450	1.2582377660
413	1.9804721210	1.3488021220	1.2693626760
414	1.9339070480	1.3422123570	1.2624843110
415	2.0819522990	1.3224775630	1.2765916880
416	1.9746149410	1.3942424020	1.2662393370
417	1.9690340650	1.3271903530	1.3051061380
418	1.9996616700	1.3358833600	1.2875099150
419	1.9635250480	1.3500152740	1.2813276730
420	1.9402380020	1.3339938810	1.3071619160
421	2.0101506200	1.3704691320	1.2713522340
422	2.0223978000	1.3221364200	1.3192570800
423	1.9917145170	1.3713477380	1.4003070900
424	2.0544689230	1.6148638080	1.3158132250
425	1.9921454580	1.3859393100	1.5838251940
426	2.0077261690	1.5871092230	1.2933346890
427	2.2368329070	1.7433936680	1.3240060010
428	2.1957254180	1.3533844610	1.2971435210
429	1.9531153550	1.3150456430	1.2832265250
430	1.9584401920	1.4420026730	1.2899225340
431	2.0347486840	1.3785238090	1.3115718140
432	2.1388226830	1.3110849190	1.2591055710
433	1.9326513360	1.3380278080	1.2764579860
434	1.9778970500	1.3487219910	1.3261074080
435	1.9259095160	1.3612142940	1.2455080370
436	1.9584497710	1.3523584580	1.2646489770
437	1.9665408910	1.3910462560	1.3133634830
438	1.9581497620	1.3096533310	1.2963698100
439	2.0098664240	1.3785600700	1.3231511900
440	2.0546433650	1.3782990810	1.3593619280
441	1.9554788090	1.3119834540	1.2755819910
442	1.9909407440	1.3827229720	1.2775375440
443	2.0045154480	1.3045759690	1.3150667380
444	2.0104327100	1.3314427750	1.2428773170
445	1.9644945970	1.3518597470	1.3437584640
446	1.9263569520	1.3508433900	1.2698152660
447	1.9813169490	1.3513569650	1.3295065840
448	2.0199982650	1.3915835600	1.2676782230
449	2.0026226470	1.3769752540	1.2552233570
450	1.9771336320	1.3557822240	1.2606462320
451	1.9897229220	1.3547682090	1.2715817180
452	1.9886359920	1.3585902810	1.2537925540
453	1.9496965440	1.3752456070	1.2664301920
454	2.0547650540	1.3745343300	1.2720772990
455	1.9946450080	1.3389077630	1.2749163530
456	2.0023656350	1.3125112480	1.2435348740
457	1.9390379600	1.3596554710	1.2235683990
458	1.9912945720	1.3443536840	1.3048782420
459	1.9335446080	1.3897835610	1.2838334000
460	2.0191269290	1.3188422730	1.3005679600
461	1.9291545380	1.5583533310	1.2917773290
462	1.9385106650	1.3895578180	1.2734912140
463	2.0073393090	1.3354343670	1.3093115050
464	1.9959430900	1.3556452550	1.2848948270
465	1.9771851580	1.3108029030	1.2362412040
466	2.0050798440	1.3643076520	1.2300189600
467	2.0059577070	1.3077552150	1.3182139340
468	1.9711608670	1.3617712390	1.2630192670
469	2.0298331990	1.3968439600	1.2947958240
470	2.2411330710	1.3610098630	1.6533130570
471	2.0601667970	1.3670792350	1.2922280890
472	2.0004728210	1.3278576480	1.3059664880
473	2.0014125680	1.4544185550	1.5385704610
474	2.3770072440	1.3361738380	1.3413916290
475	2.3869936230	1.3562880800	1.3809577330
476	2.1535509420	1.4255672950	1.3355277290
477	2.0280046530	1.3374704820	1.2890257430
478	2.2210629840	1.4190415600	1.2687870050
479	1.9492206500	1.3554478180	1.3258459360
480	2.3180495560	1.4322689240	1.3012364670
481	1.9457262820	1.4005610670	1.2814100280
482	2.0252691160	1.5805046540	1.3163501190
483	2.0202553820	1.4836103360	1.2987286320
484	1.9854325810	1.3644906780	1.2787786810
485	1.9159888060	1.3457474110	1.3060843400
486	1.9785183000	1.3549216080	1.3011778290
487	2.1075420510	1.3413676130	1.3145321870
488	2.0343730310	1.3964964730	1.5169416630
489	2.0126182010	1.5839234970	1.3447871470
490	2.0617650480	1.3584030880	1.5411467190
491	1.9714266300	1.3924074790	1.3724663750
492	1.9601682870	1.3166978740	1.2697095410
493	1.9612628350	1.3788702460	1.2834065200
494	2.0101107040	1.4330661240	1.3357591630
495	1.9275248220	1.4007705340	1.3526082350
496	1.9992607780	1.4068274700	1.2662640710
497	1.9773574630	1.3243532050	1.2538638470
498	1.9524026380	1.3806446080	1.2588642040
499	2.0057584910	1.3429646450	1.2821330740
500	1.9496038240	1.3750357380	1.2303186900
501	2.0269576880	1.3071480900	1.2580864800
502	1.9078791670	1.3643452730	1.2494379500
503	1.9404530370	1.3139696760	1.2794334570
504	1.9380344080	1.3890297540	1.3714646460
505	2.2281099330	1.4159345870	1.3466632560
506	2.2957930590	1.4921322190	1.3202167140
507	2.2954314270	1.5215367450	1.3073832720
508	1.9865450120	1.3278981970	1.3155775710
509	2.1940828700	1.3408954030	1.3568143740
510	2.0110856620	1.3458709960	1.2969475800
511	2.0015961980	1.3446207950	1.2973683770
512	2.0240047220	1.3617292710	1.2662789760
513	1.9745758550	1.4164272340	1.3798774010
514	2.0188728250	1.4161444260	1.2781600580
515	2.0535231550	1.3514647560	1.2615400890
516	1.9674894420	1.4452432400	1.2981815190
517	2.0175815080	1.6519597820	1.3704680490
518	2.3215938960	1.3598352080	1.3720347700
519	2.1619889560	1.4916047670	1.3796229260
520	2.2625088400	1.4159205410	1.2715349680
521	2.0295776840	1.3264202800	1.2675546720
522	2.1130973810	1.3661789320	1.2563047470
523	1.9545762150	1.4554337250	1.3942241570
524	2.0094096150	1.4240543150	1.3018582970
525	2.1556933680	1.3119089840	1.2698810880
526	2.0062319300	1.3204988070	1.2611933090
527	2.0539103680	1.3553779320	1.2828197030
528	2.3545512060	1.3764879810	1.3158532750
529	2.0211920530	1.3303525270	1.3182887530
530	2.0686892430	1.3283187290	1.3717443770
531	2.0264910270	1.4403496000	1.3340739840
532	2.1696609680	1.4884745020	1.2503817080
533	1.9674355180	1.3278137730	1.4019399600
534	1.9675943820	1.3315059030	1.2535021730
535	2.0111653960	1.3135116410	1.3308089150
536	1.9986885860	1.3349208330	1.3435222150
537	2.0187745700	1.3328755720	1.3484307280
538	1.9676272010	1.3868462370	1.2514547710
539	1.9539475890	1.4150314830	1.3072783090
540	2.0505936230	1.3699185330	1.3116508030
541	1.9549320340	1.4842821040	1.4688112240
542	2.0751215940	1.4497002700	1.3540524450
543	1.9919347050	1.5025843160	1.3165348290
544	2.0119519860	1.3242382940	1.3428640560
545	2.0046611410	1.2955550280	1.2642160490
546	2.0460215900	1.4363232950	1.3593421210
547	2.0363710740	1.3413560880	1.3190138830
548	1.9282537780	1.4018359030	1.4286815510
549	2.2540891070	1.4629996710	1.2881087940
550	2.0681795970	1.3250680990	1.2796515740
551	2.1089412980	1.6024091810	1.3575605830
552	2.0045143620	1.3810915600	1.2776230790
553	1.9298558990	1.3580527240	1.2820047220
554	1.9960408100	1.3354897910	1.2463459870
555	1.9664297560	1.4149944820	1.2714494700
556	1.9808851090	1.3639122700	1.2450340920
557	1.9323601320	1.3619342780	1.3526387740
558	1.9592046660	1.3191429660	1.2459500530
559	2.0152246500	1.3532626540	1.2512338710
560	1.9847847140	1.4256244480	1.3042815700
561	1.9402841340	1.3628034660	1.3102656020
562	1.9855527180	1.3626426100	1.2661222870
563	1.9573428750	1.3843433160	1.3252970320
564	1.9508335640	1.3691132830	1.2591782220
565	1.9463968930	1.3922768900	1.2684788200
566	1.9719690040	1.3853636900	1.2504255140
567	1.9343648760	1.3446342360	1.2577257090
568	1.9224543320	1.3123005310	1.2564379510
569	1.9756841280	1.3916886980	1.2919532630
570	1.9287719010	1.3479256010	1.2773775250
571	1.9681770210	1.3534555580	1.2860786090
572	1.9579268430	1.4441545370	1.2437026390
573	1.9240963940	1.3402895460	1.2478199870
574	1.9491201020	1.3496261180	1.2713153820
575	1.9058585440	1.4648528000	1.2762511130
576	2.0011815410	1.3536438120	1.2713470270
577	1.9654340130	1.3499594710	1.2438968060
578	1.9668081460	1.3145908120	1.2608379540
579	1.9829745120	1.3692907820	1.2657750840
580	1.9102036120	1.4148757070	1.2283712360
581	1.9155427000	1.3780437880	1.2371028300
582	1.9375063490	1.3616832450	1.2483813980
583	1.9213403060	1.3647011100	1.2620306200
584	1.8968509740	1.3698393260	1.3420571260
585	1.9351207890	1.3595011660	1.2342732410
586	1.9682638920	1.4049474200	1.2865860500
587	1.9440896600	1.3485142050	1.2275235830
588	1.9778193610	1.4102657140	1.2649005530
589	1.9292617430	1.3587674440	1.2400218390
590	1.9199401370	1.3701554360	1.2719593840
591	1.9786901220	1.3157567280	1.3167550340
592	2.0109044160	1.3097427900	1.3667835290
593	1.9372514120	1.4044396020	1.2773889990
594	1.9685177060	1.3826791590	1.2222939790
595	2.0069552390	1.4593408150	1.2427116920
596	1.9948069010	1.3239652780	1.2967742090
597	2.0544659860	1.3159906180	1.3869668400
598	1.9498127110	1.3621715520	1.2880164980
599	2.0003467280	1.3081436340	1.3252106660
600	1.9790680490	1.3317222440	1.2341371600
601	1.9593628000	1.3682736480	1.2574623460
602	1.9223722880	1.2774737540	1.2944113210
603	1.9890041520	1.3526680430	1.2249645110
604	1.9402005260	1.3192796370	1.2794197250
605	1.8941515570	1.3203673320	1.3028073010
606	1.9732504450	1.2941387170	1.2881327530
607	1.9433242890	1.3230291030	1.3243373510
608	1.9936863280	1.3496261030	1.2813578640
609	1.9268562420	1.2818088640	1.2397377070
610	1.9712021890	1.3091076780	1.2505784430
611	2.0127179910	1.3024204510	1.3044297850
612	2.0128220580	1.3201699420	1.2693612030
613	1.9728729520	1.3034545890	1.2789588670
614	1.9580597590	1.3475473700	1.2869969770
615	1.9817593970	1.3127221270	1.2796456710
616	2.0146516610	1.3328136080	1.3246404330
617	1.9938666920	1.3469516800	1.3578669820
618	1.9709288030	1.3577058630	1.2500010730
619	2.0411833650	1.4402299970	1.2731687880
620	2.0358883170	1.3507356010	1.2966449120
621	1.9863271740	1.3637403210	1.3763664920
622	2.0056606740	1.3655529050	1.3706941280
623	1.9428862430	1.3694679780	1.2916380330
624	1.9716050910	1.3116658080	1.3589724790
625	1.9731103840	1.4049691360	1.2781948130
626	1.9412920560	1.3687490640	1.2748181100
627	1.9419896160	1.3177808710	1.2577219390
628	1.9402147700	1.3528903380	1.3676590910
629	1.9437930310	1.3714292510	1.2968676280
630	1.9284477820	1.3511973680	1.2564740980
631	1.9371128980	1.3993666130	1.2629854730
632	1.9378804710	1.3809236000	1.2270839480
633	1.9316587770	1.3498755820	1.3689455090
634	1.9349114210	1.3765099740	1.2940756010
635	1.9303693580	1.4304062000	1.2627785270
636	1.9627202130	1.3996299980	1.2555706760
637	1.9379316150	1.3451963620	1.2514469290
638	1.9904204480	1.3937656860	1.2489264350
639	2.0056509100	1.3879237240	1.2762500810
640	2.0816202540	1.3140723890	1.3100097110
641	2.0073640060	1.3120720990	1.3240027970
642	1.9832994480	1.3133795630	1.2493972640
643	1.9428145530	1.3379199190	1.3201216400
644	1.9239813570	1.3525109790	1.3146707530
645	2.0374872120	1.4174431560	1.2468178670
646	2.0803457990	1.4133527630	1.3467847590
647	1.9460071400	1.3539271930	1.3240964230
648	1.9779849450	1.4129932580	1.3074550080
649	2.0103253800	1.3782003690	1.3362333430
650	1.9884304930	1.3110519880	1.2842567120
651	1.9892681550	1.3569893200	1.2931915810
652	1.9314588730	1.3619923020	1.2742463850
653	1.9573540200	1.4087312160	1.2471601630
654	1.9363680600	1.4515351070	1.2781306250
655	1.9652957860	1.3245964950	1.2623814630
656	1.9615576890	1.4179203300	1.2490575970
657	1.9646998350	1.3583187690	1.2585985090
658	1.9845565920	1.3548633780	1.2580690510
659	1.9800568470	1.4040859880	1.2450637240
660	2.0323854320	1.3950183900	1.3336744420
661	1.9586281990	1.3444662990	1.2998639010
662	1.9747861820	1.3173018360	1.2769792290
663	1.9832484980	1.3266285650	1.3223709340
664	1.9621131550	1.3166002600	1.2911641870
665	1.9908724790	1.3214150210	1.3537626730
666	2.0237968780	1.3091780240	1.3113939140
667	1.9264696900	1.3380171580	1.2945504180
668	1.9490310790	1.3112782900	1.3299950880
669	2.0073957840	1.3529212050	1.3287192760
670	2.1324093020	1.3649688530	1.2847742090
671	1.9977226730	1.3215218820	1.3484860760
672	2.0874042500	1.3509037300	1.2422090520
673	1.9599927150	1.3952510030	1.3053692390
674	2.0402366420	1.3774435800	1.3080282050
675	1.9269797130	1.3662889160	1.2601774630
676	1.9422204430	1.3725323950	1.2915107550
677	1.9320571830	1.3480228670	1.3129507960
678	1.9346366620	1.3504470340	1.2558214650
679	2.0669158740	1.3163749300	1.2493093350
680	1.9269570700	1.4125205080	1.2576502970
681	1.9638702990	1.3597674020	1.2514322170
682	1.9682713910	1.4059895650	1.2660967490
683	2.0940329210	1.3194975840	1.2779733130
684	1.9789070840	1.3311096720	1.3124591400
685	2.0354118310	1.3108833630	1.3285591270
686	1.9776235540	1.3142710780	1.2913736000
687	1.9446930870	1.3214520870	1.3105545160
688	1.9744226730	1.3121836160	1.3383046110
689	1.9713693620	1.3638763750	1.3357335670
690	2.1032802630	1.3413591030	1.2860725610
691	1.9450766560	1.3123310650	1.3164889440
692	1.9906776480	1.3618732920	1.3922705350
693	1.9515223560	1.4124741690	1.2894809760
694	2.0268522270	1.3474940930	1.3148071300
695	1.9863204450	1.3419719400	1.2958693660
696	1.9707777940	1.3578689720	1.2826275630
697	1.9697235610	1.3600935320	1.2533031430
698	1.9883449400	1.3516958930	1.3476153830
699	1.9400651950	1.3470404950	1.2565763890
700	1.9424747540	1.3474824480	1.2550848720
701	1.9576931960	1.3025576740	1.2745511110
702	1.9407311960	1.3544721600	1.3968395030
703	1.9744594580	1.3639490320	1.3328958560
704	1.9354038680	1.3705044450	1.2888031330
705	1.9348084050	1.4328863940	1.2938338600
706	1.9542744280	1.3057729910	1.2830346110
707	1.9404456220	1.4063883490	1.3474292390
708	1.9964807670	1.3527953470	1.2559925150
709	1.9266269760	1.3909385500	1.3434686380
710	1.9388223020	1.3157745460	1.2783561630
711	1.9389020730	1.3676380740	1.3228737910
712	2.0106606340	1.3523530910	1.2478427370
713	1.9372601960	1.3463861300	1.3148650960
714	1.9505992390	1.3893213160	1.2852728370
715	1.9422661940	1.4106958170	1.2499687860
716	1.9858748810	1.4099876520	1.2836705310
717	1.9325891680	1.3833051500	1.2905800470
718	1.9312664460	1.3470578840	1.2755922130
719	1.9319174480	1.3120269390	1.3048266050
720	1.9482500200	1.3202813650	1.2529982670
721	1.9336232170	1.3986349860	1.2996053360
722	1.9564989140	1.3477681480	1.3221556550
723	1.9287798770	1.3417105540	1.2854578910
724	1.9384960130	1.3267676950	1.2963567690
725	1.9402267490	1.3567709520	1.2527108430
726	1.9941894840	1.4095471900	1.2796447290
727	1.9388218930	1.3834186720	1.2554448260
728	2.0448090530	1.3098658150	1.2499825900
729	1.9406496260	1.3169675020	1.2596884290
730	1.9462865260	1.3225453150	1.2989479640
731	1.9576942800	1.4287069000	1.2745312530
732	1.9754744760	1.3640620160	1.2831626230
733	1.9314561040	1.3767259160	1.2981354040
734	1.9401342510	1.3599605740	1.2948849960
735	1.9422721610	1.4055475750	1.3464269420
736	1.9368524540	1.3136161100	1.2480759540
737	1.9476940800	1.3651646910	1.3411346930
738	1.9493523010	1.5107828640	1.2861632530
739	1.9455295140	1.3361948960	1.2593548080
740	1.9629409950	1.3686870070	1.3319458500
741	1.9626177990	1.3395226750	1.2608073280
742	1.9576566210	1.4013289380	1.2962943820
743	1.9902075850	1.3971906390	1.2582032380
744	1.9924578690	1.3459799000	1.2649797640
745	2.0161198640	1.3256889140	1.3528526740
746	2.0385486520	1.3944287470	1.2516527960
747	1.9526213770	1.3233962140	1.2990741310
748	2.0182991810	1.4128996710	1.3145953470
749	2.1120184760	1.3588643440	1.2742662160
750	1.9842862400	1.3977097840	1.3151812080
751	2.1282777180	1.3983525090	1.2992098880
752	1.9936338850	1.3970984190	1.2866239330
753	2.0657076660	1.4011092160	1.3480219990
754	1.9640052700	1.3546023840	1.3596998800
755	2.1229028000	1.4697060080	1.5156092440
756	2.2053514770	1.4793951040	1.3692604000
757	2.0578822190	1.4149234080	1.3299582710
758	1.9725913910	1.3675554560	1.2817120090
759	1.9507866580	1.3673473350	1.2772434820
760	1.9864821090	1.3154381760	1.3076350120
761	2.0277048430	1.3568777000	1.2878281890
762	2.0255494670	1.3822432080	1.2818898650
763	1.9992547650	1.3081105020	1.3106479910
764	1.9865148590	1.3150061880	1.3468706690
765	2.0054892230	1.3299316000	1.2526199670
766	2.0109507310	1.3845191800	1.3269109780
767	1.9357140060	1.4604953560	1.3450978380
768	1.9519772890	1.4882226460	1.3071012380
769	1.9776697070	1.3396111250	1.2535346060
770	2.0508298560	1.3188616070	1.2988871520
771	1.9352999080	1.3844048510	1.3207980830
772	2.0918320250	1.3824223430	1.4154445630
773	2.1502217460	1.3896412120	1.3949997720
774	1.9887122890	1.3734919360	1.3480088110
775	2.0186050160	1.5118815400	1.3982005350
776	2.1290499840	1.4613953550	1.4394457470
777	2.0504158190	1.4121533710	1.2460480640
778	2.0133154060	1.3576266990	1.2643596540
779	1.9721042130	1.3523544210	1.2577896200
780	1.9823812780	1.3678432750	1.2711184030
781	1.9338803060	1.3833295350	1.2560542480
782	1.9636293500	1.3366260430	1.2713267970
783	1.9566389280	1.3450961150	1.2452661050
784	1.9581104820	1.3928744120	1.3217866410
785	2.0283327530	1.3843941250	1.2928451690
786	1.9739100550	1.3757916030	1.2647270260
787	1.9619945500	1.5394680490	1.2929174250
788	1.9879763460	1.3559966290	1.3088418850
789	2.0536393380	1.3333333290	1.4024466160
790	2.0149813400	1.3995939360	1.2972180130
791	2.0946655900	1.3594471030	1.3394006250
792	2.0732315770	1.3268088410	1.3443929000
793	2.2184989280	1.3568587770	1.3380314960
794	2.0122592740	1.3559596390	1.4095548990
795	2.0100766790	1.3972019190	1.2789031470
796	1.9269615660	1.3527422740	1.4089246590
797	2.2175985650	1.3608712850	1.2990592900
798	2.4118673830	1.4516791520	1.2330233380
799	1.9800652390	1.3286719330	1.2540435480
800	2.0369365170	1.3782039230	1.3052962120
801	1.9936355270	1.4947202190	1.2852340880
802	2.1679669460	1.3349308410	1.2122190210
803	2.0048815120	1.3772769440	1.3125583040
804	1.9704492260	1.3273367020	1.2774255280
805	1.9336248770	1.4620575540	1.4171310520
806	2.0548566680	1.3131582060	1.2281510210
807	1.9075352570	1.3586926010	1.2517745510
808	2.0829936670	1.3216813430	1.3077316380
809	1.9607357440	1.3875548500	1.2823333380
810	2.0382857260	1.3621684150	1.4740755530
811	1.9079244370	1.4074925610	1.3181472720
812	1.9043810380	1.3150401260	1.3254009380
813	1.9730692420	1.2880153310	1.2075626430
814	1.9061503510	1.4162032790	1.3178347980
815	1.9477051150	1.2954902330	1.2239259320
816	1.9992388940	1.3606270080	1.2309205300
817	2.0456098790	1.3311544600	1.2564500020
818	1.9840216290	1.4613144090	1.2536557610
819	1.9582837750	1.2808972630	1.3205800760
820	1.9298563770	1.2987670200	1.2740398120
821	1.9583212560	1.3280812930	1.3435072550
822	1.9521491000	1.2946410450	1.2517498660
823	2.0681413590	1.3706323020	1.3190624000
824	2.1122441050	1.4341496930	1.3315679800
825	2.0309123400	1.3723506280	1.2322095290
826	1.9742406090	1.2833081540	1.3148308810
827	2.0565771680	1.3269767550	1.3979447780
828	1.9304686270	1.3468852010	1.2181102670
829	2.0203377970	1.4411048340	1.3635876610
830	2.4609440000	1.3707882660	1.3091132440
831	2.0447424850	1.3019887490	1.3149172500
832	1.9870413300	1.2994270600	1.3231628010
833	1.9184458560	1.2837121520	1.2321290860
834	1.9926710490	1.3300123260	1.2257667070
835	2.0058421550	1.2717046330	1.2404327150
836	1.8808910110	1.3738844190	1.2881868260
837	1.9237051220	1.2620497090	1.2134494940
838	1.9471695950	1.3732623850	1.2957034040
839	1.9163507790	1.2652665560	1.3099396650
840	1.9773802580	1.2890888090	1.2651607140
841	1.9697683360	1.3031110660	1.2149852360
842	2.0040687960	1.3140774280	1.2206962690
843	1.9851633530	1.2674481620	1.2091811940
844	2.0035763840	1.3797113380	1.2056738560
845	2.0090518380	1.3016099330	1.3162550160
846	1.8930889840	1.3882617420	1.2355498680
847	2.0049833910	1.3675458750	1.3383735450
848	2.0848559160	1.4163837560	1.2781073160
849	2.0128228880	1.3975307510	1.2641007430
850	2.0829776420	1.4068181370	1.4483618810
851	1.9711478300	1.4853595670	1.2846985660
852	1.8990664940	1.2943424490	1.2456869900
853	1.9861816740	1.3005310390	1.2678146380
854	1.9019141820	1.3112148320	1.3811989130
855	2.0684174590	1.4138082440	1.3873396070
856	2.1203656550	1.4751021610	1.4279458460
857	1.9369783790	1.3280307940	1.2068405060
858	1.9617493340	1.3251127490	1.2677488590
859	1.8652282960	1.3544637800	1.2622409580
860	1.9158640690	1.3254819650	1.2279323870
861	1.9441260460	1.3344484970	1.3233520400
862	1.9345288650	1.3707251500	1.3372564100
863	1.9028724200	1.3850318980	1.2452031420
864	2.1678201260	1.4184677540	1.3325164290
865	2.0676010990	1.4084328770	1.4484653890
866	2.0975560950	1.4139000470	1.2867991340
867	2.1501044810	1.5463944550	1.3519819580
868	2.0663071660	1.4012555850	1.3031257190
869	1.9755881570	1.3427766980	1.2545713940
870	1.9641810210	1.3699484960	1.3623401150
871	2.0384048660	1.5504011480	1.2187344360
872	1.9347119660	1.3130071700	1.3057940550
873	1.8849131230	1.4079346980	1.2943993240
874	1.9779233230	1.3778035650	1.3001990430
875	1.9291629130	1.3864682750	1.2440224470
876	1.9349652170	1.3063577760	1.3542471810
877	1.9577696710	1.3606418490	1.3645555800
878	1.9734292260	1.4127097990	1.5504216120
879	2.1413433110	1.3669212580	1.3224007190
880	1.8900119790	1.3092465260	1.2666143470
881	2.0428709380	1.3201188350	1.2335291370
882	1.9183820920	1.3015837810	1.2740720580
883	2.0155095920	1.2794467640	1.3398081310
884	2.0110588090	1.4761988210	1.3051063290
885	2.0801250580	1.4154385760	1.3356473040
886	1.9149901190	1.2830862010	1.2215977380
887	1.9481404620	1.3183116000	1.2637042440
888	2.0396446030	1.2638732460	1.2759646850
889	1.9294008470	1.2718410640	1.2251961820
890	1.8941112460	1.3129162250	1.2405923820
891	2.0320568920	1.3803117450	1.2269626060
892	1.9938562130	1.3567168260	1.2714410120
893	2.1956337140	1.6223058070	1.4062610250
894	2.0849055480	1.3312379330	1.2678359520
895	1.8842976560	1.3607858300	1.3118729320
896	1.8972754250	1.6761355620	1.3354166160
897	1.9454427390	1.3144713790	1.2573014430
898	1.8888229020	1.4009546960	1.2334844400
899	1.8869889580	1.2705819210	1.2166136930
900	1.8967269110	1.3778790400	1.2241142750
901	1.9890080300	1.2680623660	1.3140509470
902	2.0524968010	1.3289486440	1.2447720430
903	1.9687480020	1.3263990370	1.3368897120
904	1.9417566040	1.3979729700	1.2309209440
905	1.9575488170	1.4191548330	1.3468276600
906	2.0270173160	1.4411249500	1.3230000630
907	1.9806569490	1.3209839920	1.2872343670
908	1.9548078460	1.3507560220	1.2634145080
909	2.0060697030	1.3221033750	1.3320334080
910	1.9811057830	1.3256330350	1.2509878960
911	2.0391160040	1.3849927680	1.2598211590
912	1.9955460620	1.3166976620	1.3156357090
913	1.9062004340	1.2669288360	1.2199191950
914	1.9875053630	1.2941739320	1.3119716260
915	1.8969988550	1.3433043750	1.2279407090
916	1.9587804150	1.2624213100	1.3192528280
917	1.9533454280	1.3839306320	1.2497559580
918	1.9010728250	1.3086261750	1.2142885370
919	1.9445994490	1.3174597490	1.2048537210
920	1.9265164480	1.3372568760	1.3774567120
921	1.9503488130	1.4166291640	1.2650116770
922	1.9543883460	1.2694361580	1.3289618580
923	1.9548753770	1.2787869740	1.3424576170
924	1.9600466720	1.3713246240	1.3315446020
925	1.9984256300	1.3704857570	1.2675312770
926	1.9631382130	1.3411057690	1.3853305740
927	2.4255579610	1.3889136620	1.2992699340
928	2.1199541720	1.7350762730	1.2823582320
929	2.1252872650	1.3640720270	1.3098049210
930	2.0106227950	1.3713269120	1.3215538300
931	2.1170960610	1.3888983600	1.3753548750
932	2.1210986630	1.2801304990	1.3333052470
933	1.9613334560	1.4406340550	1.2603123010
934	1.9714854850	1.3018004180	1.2929444380
935	1.8978352610	1.3848517550	1.4130229850
936	1.9529458200	1.3523989680	1.3375589630
937	1.9879549650	1.3061618480	1.2502970530
938	2.0441609720	1.3445554550	1.4301480200
939	2.4081380840	1.7752161040	1.7314227730
940	2.0405412680	1.5142343650	1.3214019400
941	2.0353471140	1.4162727310	1.3969596680
942	1.9015572230	1.3219116190	1.2956348180
943	1.9203600420	1.2891560340	1.2973934340
944	1.9014043000	1.3115060150	1.3232343110
945	1.8829767460	1.3882474620	1.2092278320
946	1.9744850050	1.3780314080	1.2287646270
947	1.8782610530	1.3454335740	1.2072415910
948	1.8976407410	1.2650859080	1.3372135590
949	1.9324306720	1.3763106130	1.3077623390
950	1.9325723980	1.2980607340	1.2865386000
951	1.9581873210	1.3830433940	1.3321637260
952	1.9248033320	1.3329504700	1.3363638160
953	2.1744599180	1.3464608720	1.3969333840
954	2.3026319400	1.4349623000	1.3966894000
955	1.9745361390	1.3269892490	1.4497085800
956	2.2570226880	1.4978940480	1.6063795680
957	2.0389494350	1.4104253070	1.2912711490
958	2.0719481780	1.3539097020	1.2563035250
959	1.8777589480	1.4237416070	1.3390571380
960	2.0680626610	1.3203155380	1.2215938320
961	1.8793358400	1.3448366050	1.2540738530
962	1.8971703440	1.3210143980	1.2368148290
963	2.0389527950	1.5448013270	1.2158779750
964	1.9689576390	1.3812317500	1.2659276480
965	1.8889138320	1.3325399080	1.2517002940
966	2.0469388480	1.6649280650	1.2466952400
967	2.0969641990	1.2637236700	1.2574547550
968	1.9755205260	1.3240372250	1.2059631750
969	1.8849951250	1.2634156040	1.2488838990
970	1.9081374280	1.4019375550	1.2151531330
971	2.0395656570	1.3127068130	1.3053732840
972	1.9609752330	1.3761182220	1.2615535210
973	1.9517978290	1.3580631160	1.3419933060
974	1.9737168190	1.3945979520	1.2582382340
975	1.9174981960	1.3455556470	1.2627783180
976	1.9435111700	1.2902232520	1.2926921470
977	2.2625475600	1.6110799070	1.3276368380
978	1.9267789660	1.3213958880	1.3120317050
979	1.9993073250	1.2905254930	1.3401085570
980	1.9368988670	1.2733949330	1.3117321170
981	1.9771595020	1.2801665330	1.2261349170
982	1.9475580270	1.2696256560	1.2210264730
983	1.8925887960	1.3695245900	1.2830913670
984	1.8834642440	1.3071307450	1.3232686990
985	1.9249878960	1.2992393400	1.2380678440
986	1.9833715410	1.3136040280	1.2396125940
987	2.0369806270	1.3885302470	1.2557109000
988	1.8913466170	1.3058947370	1.3066866180
989	1.9473113700	1.3320760050	1.2100794870
990	1.8894883830	1.3111715640	1.2036937490
991	1.9387134050	1.3802533000	1.2514518080
992	1.9789520780	1.3767293520	1.2717099790
993	1.8848612770	1.3346142710	1.2137826590
994	1.9679430300	1.3156878290	1.2009780210
995	1.9532264840	1.3216942690	1.2661535730
996	2.0053202880	1.2692805260	1.3330238210
997	1.8741644910	1.3035154170	1.2435008590
998	1.9290587270	1.3225238590	1.2221882350
999	1.8876259850	1.3833766280	1.2536422360
