0	2.4643482220	1.7110303970	1.6320777280
1	2.4641888540	1.6658891210	1.6710838640
2	2.4754743340	1.6784112240	1.6076787810
3	2.4659233520	1.7914141560	1.6081550490
4	2.4712498720	1.7175567780	1.5939667450
5	2.4423008070	1.8092932940	1.5801748380
6	2.4752570840	1.7106247250	1.5678411230
7	2.4732898450	1.6934420210	1.5661951820
8	2.5043502420	1.6888689970	1.5618660270
9	2.6044651210	1.6805074220	1.5659583680
10	2.4856133510	1.6788891120	1.5726983360
11	2.4712706060	1.6624335760	1.6076221610
12	2.5106188290	1.7629680900	1.6949489090
13	2.4607897460	1.6792617600	1.5839469090
14	2.4716876340	1.6760739270	1.5840727130
15	2.4674004780	1.6745749920	1.5848083470
16	2.5571397520	1.7106941090	1.5934102940
17	2.4831933390	1.6817910320	1.5921587870
18	2.4584300100	1.6885643160	1.5665164630
19	2.4734037440	1.6877446660	1.5772351290
20	2.4735496320	1.6893959190	1.5809421370
21	2.4855990860	1.6873509440	1.5917692240
22	2.5288900140	1.7352275710	1.6239827530
23	2.5200661410	1.6890683560	1.5808750380
24	2.4718229270	1.6617858680	1.5879334740
25	2.5307463880	1.6609362570	1.5879296540
26	2.4688885300	1.6623069840	1.5815600000
27	2.5231762720	1.6591278570	1.5936119360
28	2.4705072060	1.6605220950	1.5962926340
29	2.6487453520	1.7099636900	1.5971464650
30	2.4432298880	1.6859291210	1.7062604620
31	2.5479261580	1.6953197600	1.5878695600
32	2.4829636210	1.6842512970	1.5708437000
33	2.4922293920	1.6773009150	1.5643815020
34	2.4769425980	1.6814347120	1.5713568050
35	2.4949662530	1.6926449210	1.5819618760
36	2.4663934200	1.6833927940	1.5762654090
37	2.4974791410	1.6917125340	1.5751097290
38	2.5731629160	1.7281844160	1.5830327960
39	2.5775677720	1.6903128020	1.5822615080
40	2.5088875460	1.6858456620	1.5815523580
41	2.5288406660	1.6599750310	1.5858273290
42	2.5232424630	1.6592055940	1.6066935550
43	2.5386999970	1.7213128240	1.6108332890
44	2.4743678170	1.6662865480	1.6951460010
45	2.4407395060	1.6917649190	1.5857724380
46	2.4954219330	1.7994766290	1.6859011170
47	2.4597464560	1.6788039700	1.5640321170
48	2.4836841730	1.6805589430	1.5637406240
49	2.5719494910	1.6757190320	1.5705091000
50	2.4750462650	1.6775527270	1.6360212640
51	2.5027362370	1.7976289420	1.6014737980
52	2.4651251750	1.7664975040	1.5674193700
53	2.6219273050	1.8030896180	1.5725095590
54	2.5379330770	1.6925126190	1.5736238110
55	2.4922124550	1.6613266770	1.5908021000
56	2.4763630240	1.6731544320	1.5923646210
57	2.5142795990	1.7258142220	1.5827520630
58	2.6048083100	1.7276587480	1.6002629630
59	2.4533786960	1.6610253950	1.5925930800
60	2.4568605140	1.6759686020	1.5792261780
61	2.5395162750	1.7207740040	1.5892671990
62	2.4593298420	1.6845919490	1.5741663470
63	2.4665532620	1.6846999990	1.5756801610
64	2.5776676860	1.6837621490	1.6173221840
65	2.4748413530	1.6756235720	1.5748639380
66	2.5031785590	1.7399802870	1.5771336890
67	2.5523118150	1.7297081740	1.5765952510
68	2.4730906360	1.6821702270	1.5683916640
69	2.4669472990	1.6709115490	1.5999086080
70	2.5665583110	1.7162205210	1.7971541570
71	2.5149353940	1.6694609080	1.5775706720
72	2.4669553490	1.6591541540	1.5829944570
73	2.4741281910	1.6607924740	1.6026408230
74	2.4627572790	1.6609710060	1.7077143280
75	2.4431849070	1.6828953830	1.6023541210
76	2.4346764110	1.8134534580	1.5887960170
77	2.4726142130	1.7069706460	1.5836010770
78	2.4946732780	1.6873257230	1.5663910610
79	2.4965190080	1.6857074150	1.5702321110
80	2.5248156200	1.7950745570	1.5724184260
81	2.5020333120	1.7455952950	1.5826798600
82	2.4781823810	1.6807605010	1.5855894460
83	2.5501164050	1.8499502050	1.5658238230
84	2.4615532620	1.6733623950	1.5854007790
85	2.5611672340	1.6744535630	1.5797013400
86	2.4753460450	1.6600631260	1.5893096920
87	2.4745613240	1.6618405970	1.6423941340
88	2.4754122810	1.6614626160	1.6000539690
89	2.5517805870	1.6647387510	1.5943034180
90	2.4361816030	1.6796031820	1.6033695890
91	2.4466969140	1.7001860040	1.5655915780
92	2.4762063020	1.7702291600	1.5661369480
93	2.4624398170	1.6986366490	1.5710844730
94	2.4800461020	1.6819462960	1.5663653880
95	2.4772699250	1.6787962630	1.5678430550
96	2.4864584790	1.6607104470	1.5904844350
97	2.4766191830	1.6608897510	1.5974127310
98	2.4690988720	1.6630589260	1.6029382240
99	2.4627518310	1.6595073180	1.5954341120
100	2.4718329260	1.6748241240	1.5848573710
101	2.4488136860	1.6846256840	1.5764247890
102	2.4779392250	1.7196029280	1.5640922020
103	2.4767635730	1.6807113590	1.5660107790
104	2.4791584610	1.6847400370	1.5638504660
105	2.4711475220	1.6757508460	1.5624103280
106	2.4796841560	1.6909178000	1.5744801310
107	2.4618847790	1.7110220170	1.6147282320
108	2.4642654980	1.7301938550	1.5853449790
109	2.4545374090	1.6914616910	1.5994474170
110	2.4630873640	1.6674149690	1.5938487300
111	2.5065912300	1.6623830620	1.5844406580
112	2.4796188300	1.6725408030	1.5859110520
113	2.4595936000	1.6848198640	1.6069247590
114	2.4612370170	1.6807516770	1.6055871940
115	2.4992571740	1.7053552360	1.5939783380
116	2.4747369570	1.7136779160	1.7436702350
117	2.6157325220	1.8006345090	1.5722893490
118	2.5234806520	1.6994153310	1.6602590770
119	2.5287258840	1.7339564140	1.6026186690
120	2.6053002660	1.7118480040	1.5958439840
121	2.6029057240	1.7670666690	1.6529781870
122	2.5016870210	1.7271053080	1.5913373510
123	2.4862045690	1.7139284030	1.8123546760
124	3.3019774310	1.8565606460	1.8361595690
125	2.6800515790	2.0261997980	1.7263722200
126	2.7852272330	1.7974516400	1.6995335150
127	2.6166582020	1.7872416510	1.7120949990
128	2.6734391850	1.7579195750	1.6987268170
129	2.6861492010	2.1397604320	1.7159147170
130	2.6296508050	1.8126694440	1.8077818730
131	2.9122723540	1.9498126200	1.8044540180
132	2.6536123100	1.9040763970	1.7588833730
133	2.6564620550	1.9698333040	2.0919059480
134	2.7175827310	1.8109518630	2.0334057130
135	2.6373228340	1.7857827550	1.8613367700
136	2.6729703370	2.0219024670	1.7188328990
137	2.6872797050	1.8890352260	1.6765098630
138	2.7855269650	1.8076893100	1.6900668440
139	2.6321008350	1.9712614490	1.6681052110
140	2.6114092060	1.8099318740	1.7170340090
141	2.6185815710	1.9104178190	1.8838501070
142	2.6438923210	1.6975512210	1.6499483820
143	2.5348081970	1.6886452370	1.6123947960
144	2.5013762220	1.8039869460	1.6813975540
145	2.4701116170	1.8219461430	1.6261182420
146	2.5297476110	1.7281078870	1.6393503330
147	2.5967204120	1.7264430880	1.5672842370
148	2.5695693100	1.8577007170	1.7264229710
149	2.5041755080	1.6958663140	1.5652825860
150	2.6036706150	1.7087151000	1.6934373730
151	2.5881516130	1.8595361980	1.5892108300
152	2.4996701700	1.7438791270	1.6074533820
153	2.4773473530	1.7106853670	1.5952753940
154	2.5621354810	1.7924225510	1.6026185290
155	2.4771351060	1.6836112120	1.5652982280
156	2.5243831170	1.8705653330	1.7192611550
157	2.6390607720	1.7899878670	1.6933066480
158	2.6797915870	1.8137360830	1.6330328070
159	2.5145359620	1.7187187120	1.5838712220
160	2.6063567680	1.6986312880	1.6259101170
161	2.5362925800	1.7876060840	1.6233282210
162	2.5069331560	1.8163295440	1.5888465950
163	2.5575826110	1.7391775980	1.6336132640
164	2.5852330050	1.7895300650	1.6961909660
165	2.5504180730	1.7597896820	1.5985860750
166	2.5205519110	1.8338324480	1.6974798210
167	2.7157023070	1.7846443710	1.8284927100
168	2.7020757740	1.8473960020	1.6949723200
169	2.9978605740	1.8215851400	1.6390575180
170	2.5105129980	1.7690489400	1.7155347260
171	2.4945560110	1.7836114390	1.5729114700
172	2.5584430250	1.8295744950	1.6543239180
173	2.5245860150	1.8037609240	1.6653370660
174	2.5315779040	1.7334054940	1.6175264470
175	2.5713123680	1.7741725490	1.7722211030
176	2.5617339790	1.8486950110	1.6927260850
177	2.5487699350	1.6857019710	1.6643088420
178	2.4870069950	1.7184868100	1.7035239290
179	2.6631286580	1.8252240740	1.6876489900
180	2.5706333860	1.7800735050	1.5851584600
181	2.5399924630	1.7379004170	1.6980095990
182	2.8349335830	1.8308610830	1.6738092640
183	2.4740804570	1.8077642160	1.7051183400
184	2.4666688230	1.7988444480	1.6597338630
185	2.5678388370	1.6903733190	1.6148499530
186	2.5716311260	1.7171432590	1.5932288560
187	2.5807532110	1.7384446800	1.7616634810
188	2.5018429730	1.7516422300	1.6932037940
189	2.4974585890	1.7513145750	1.6254268000
190	2.7084790540	1.8615266580	1.7096867500
191	2.6770833410	1.8104756410	1.6342858150
192	2.5619403540	1.7645024690	1.6582124180
193	2.5517565160	1.6903771540	1.6701813800
194	2.4832530300	1.8317365790	1.5984207210
195	2.5117042470	1.7563457230	1.6993555270
196	2.5581964720	1.8208143280	1.6483048130
197	2.5036425930	1.8050716080	1.6221161190
198	2.5424003430	1.7494045410	1.6519349050
199	2.5239673530	1.7669793190	1.6725462320
200	2.5613389780	1.7837880710	1.5791033220
201	2.5688311610	1.8723288440	1.6182793200
202	2.5333054980	1.6966237710	1.6808422820
203	3.2431545650	1.8285907860	1.7380028130
204	2.6159975500	1.7087892420	1.6939486400
205	2.5525876770	1.6854302420	1.6290367880
206	2.5100496040	1.7199114560	1.7432334050
207	2.6010451680	1.6982888570	1.6238505620
208	2.6250891160	1.7229511150	1.6890236330
209	2.4774184150	1.6866082990	1.6674817800
210	2.5229131030	1.8183066600	1.6308831710
211	2.5208745380	1.7938130920	1.6419814420
212	2.4596089310	1.7028996330	1.7449168950
213	2.5296162760	1.7483528620	1.6310687140
214	2.5311045500	1.8046482660	1.5738535730
215	2.5170269700	1.7231615580	1.6730283710
216	2.5456462380	1.7496252140	1.6511940100
217	2.5402227040	1.8043347400	1.7502008860
218	2.5887107080	1.8154182880	1.6146298430
219	2.5208542710	1.7555576400	1.5739323750
220	2.6033737660	1.7436907860	1.6709378160
221	2.6805527530	1.7324430830	1.6478904710
222	2.4781599470	1.8391405520	1.6729326890
223	2.5747376640	1.7580873350	1.6928015970
224	2.5663576900	1.7196124310	1.6387048810
225	2.5647371830	1.7929737150	1.6743501840
226	2.6268260740	1.8126797410	1.7292018470
227	2.7401640240	1.8113173320	1.7597545010
228	2.7312705860	2.0448914740	1.7862209200
229	2.7380484790	1.8489157070	1.7122259100
230	2.6464124020	1.7481303270	1.6605058760
231	2.5976738500	1.7624582800	1.7141933350
232	2.5848591260	1.7332551090	1.7249810070
233	2.6505717650	1.7894930190	1.7215634670
234	2.6414461610	1.8263197380	1.7042039220
235	2.5912906950	1.7300620060	1.6635808490
236	2.5658806800	1.6787894200	1.7066537620
237	2.5916319670	1.7084834020	1.6912039330
238	2.5841595820	1.7386285990	1.6455134190
239	2.4931539920	1.7102095540	1.7227634640
240	2.5261642300	1.7075928220	1.6758488350
241	2.6357705640	1.7730575360	1.7944851820
242	2.5225377940	1.7027452610	1.6710410910
243	2.6504893970	1.7421095080	1.6241672740
244	2.6512177950	1.8363437790	1.6956071000
245	2.5428266370	1.7463557600	1.8536329450
246	2.8371771680	2.0721423500	1.9486570310
247	3.2134749730	1.8015432190	1.8787266560
248	2.6414954500	1.8818976710	1.6017092960
249	2.6635138520	1.7410229800	1.6117791680
250	2.5340209780	1.7216283820	1.8154792150
251	2.5828924120	1.7328340410	1.6480556270
252	2.5160941260	1.7035198570	1.6861464110
253	2.5661163810	1.7537460960	1.6581983620
254	2.5599742150	1.7327652200	1.7304298860
255	2.6324312300	1.7321948610	1.6726020280
256	2.5099809220	1.6821678850	1.7476964380
257	2.5685438850	1.7105258480	1.6406009890
258	2.5235850470	1.7362952120	1.6662020550
259	2.6629747170	1.7081421440	1.5978727520
260	2.4828912770	1.7614642740	1.7048001400
261	2.5617828410	1.7647761840	1.6793123430
262	2.4709851170	1.7171294820	1.6712048490
263	2.5564685960	1.8150144950	1.6923068220
264	2.4977107510	1.7161551730	1.6519941650
265	2.4755169190	1.8053746350	1.5989057850
266	2.5283244630	1.8052520970	1.6174974740
267	2.5254592670	1.7937638930	1.7033883990
268	2.5123959110	1.8100304810	1.6905285610
269	2.6263061130	1.7425014620	1.6224899690
270	2.4697570540	1.7963166950	1.6328046100
271	2.5209446410	1.7808334140	1.6184558970
272	2.6309654520	1.7231865950	1.6067353000
273	2.5860018140	1.7410548370	1.8546085830
274	2.5078488160	1.7193156740	1.5934939850
275	2.8694026770	1.8776278150	1.7680462020
276	2.4776785440	1.7159023550	1.6012079130
277	2.5641272280	1.8165200110	1.7202524930
278	2.5749826800	1.7084541240	1.7548446630
279	2.5530340740	1.7760335170	1.6845688430
280	2.4954985530	1.7650920130	1.6180883160
281	2.4670846380	1.8087907280	1.5912819070
282	2.5058493170	1.8010535330	1.6776938260
283	2.5914436450	1.7807933120	1.6554286100
284	2.5852725350	1.8293964050	1.6983053990
285	2.5688422890	2.0108876960	1.7494720450
286	2.7103799200	1.8096927220	1.7060156430
287	2.4977525970	1.7202631830	1.6897673200
288	2.6181143450	1.7773439530	1.6487074750
289	2.4768084920	1.6838781850	1.6773247250
290	2.4977752000	1.7449856970	1.7179592160
291	2.5038682760	1.6839818860	1.7265562220
292	2.4888687090	1.8017650530	1.5884289640
293	2.5386975250	1.7028546620	1.6830355120
294	2.4960998100	1.7686293910	1.6205181320
295	2.5482479500	1.8091978960	1.6226112360
296	2.5872299540	1.8189654640	1.6709362070
297	2.5241031690	1.7935309760	1.5903708770
298	2.5645060300	1.7965464530	1.6265805970
299	2.5244153460	1.7651982220	1.6810300090
300	2.5890937400	1.7087930100	1.6397686040
301	2.4944297560	1.7473961530	1.6266314570
302	2.6305466930	1.8229791690	1.6797673010
303	2.5952218960	1.6921287590	1.7812857000
304	2.5933995710	1.7256724490	1.6365480800
305	2.5465456520	1.7290580330	1.6459815780
306	2.5432264560	1.7160855000	1.6883646410
307	2.4970617430	1.7851550450	1.6017482570
308	2.5822024760	1.7847875100	1.7026448360
309	2.5620880110	1.7989203120	1.6493445660
310	2.5846858310	1.7945804830	1.6803898820
311	2.5383341990	1.7612047620	1.6302827850
312	2.5760429060	1.8675216910	1.6896301110
313	2.6911895510	1.7278422010	1.6393894600
314	2.5207125020	1.8173539050	1.6209235150
315	2.5297160780	1.8122868120	1.6402359710
316	2.5941438440	1.7194655300	1.6108674060
317	2.5867047820	1.7008839250	1.6113768580
318	2.6533332840	1.7572885590	1.6478684560
319	2.7159287100	1.8406473180	1.6298915870
320	2.5205902210	1.7388022560	1.6539092280
321	2.6000483670	1.7842121670	1.6985229700
322	2.5089427940	1.7916920620	1.6581701720
323	2.5941806990	1.7315908270	1.6725079550
324	2.5147123520	1.8096617700	1.5745086670
325	2.5708223680	1.7738478470	1.6510621030
326	2.5823590170	1.7265829270	1.6040927510
327	2.5896029520	1.6777448100	1.6849451710
328	2.5315130900	1.7398472870	1.6341256120
329	2.4674600890	1.8136683710	1.6665726210
330	2.5729146360	1.7444956930	1.6435793690
331	2.5865378840	1.7206933220	1.6451224820
332	2.5716416860	1.8025863150	1.6392308040
333	2.5829479410	1.6897524140	1.5775007290
334	2.4546740850	1.7478389520	1.5783653420
335	2.5919603060	1.7797260760	1.6045539980
336	2.4639997890	1.8048887510	1.6158145410
337	2.5725300830	1.8060967870	1.5743652000
338	2.5231387110	1.7910613670	1.6095482080
339	2.5843131830	1.7809482320	1.6024566380
340	2.4910355310	1.7890512960	1.5985684750
341	2.5233082550	1.6714875480	1.6725718140
342	2.5856746480	1.6795977170	1.6753094250
343	2.5333411240	1.7922959290	1.6939786030
344	2.5027886220	1.6724345310	1.6906117900
345	2.5331935690	1.7356017400	1.6957693770
346	2.4820261060	1.8731498660	1.6914004360
347	2.4740252170	1.7209606780	1.6016021530
348	2.7302014880	1.6848237920	1.7096624920
349	2.5339607900	1.7333226110	1.6455779320
350	2.6287301740	1.7354115480	1.6758871100
351	2.7580496990	1.9647648160	1.7277300390
352	2.6182945530	1.7919923370	1.6224265500
353	2.4823484430	1.6732976430	1.8645569640
354	2.7908582790	1.7623502180	1.8625889470
355	2.7755754640	1.7655381210	1.7789783860
356	2.4992884350	1.7778682420	1.6461742810
357	2.6027339140	1.8297938830	1.6307269750
358	2.5647718990	1.7955988810	1.7843613980
359	2.5425840020	1.7283362370	1.7323560670
360	2.6009066460	1.7916000890	1.6720891500
361	2.5457856420	1.7390190810	1.6604098340
362	2.6196913920	1.8959999430	1.6198641850
363	2.5149376810	1.6708775500	1.6328125680
364	2.5092986670	1.7376449740	1.7116239760
365	2.5262602940	1.7757646310	1.6068383510
366	2.5497049690	1.8232921780	1.6399009230
367	2.5953443020	1.6833339800	1.6513038600
368	2.5434123460	1.7931197660	1.7672316130
369	2.5258882480	1.7660898740	1.6366798540
370	2.5715630430	1.8384389370	1.6542772390
371	2.4858881630	1.7784870820	1.6304422130
372	2.5921499340	1.9010058440	1.7464077300
373	2.7180054690	1.6900219600	1.5962132360
374	2.7223949370	1.7015385940	1.6183780820
375	2.5041540440	1.7326487690	1.6824808910
376	2.5298693320	1.6801134210	1.6651482170
377	2.5258980660	1.8045290400	1.6286062250
378	2.6146745150	1.7502216760	1.6323771960
379	2.6269628210	1.7979382370	1.6240716570
380	2.5630270680	1.7961406590	1.6213322360
381	2.4668371620	1.7704345950	1.6646939010
382	2.5416348530	1.8442680990	1.7082660400
383	2.5862102830	1.7742511010	1.6276184560
384	2.5551760130	1.6745747840	1.5645659810
385	2.5179191190	1.7718369070	1.5609222350
386	2.5079398510	1.6942518780	1.6054027600
387	2.4905826400	1.7913623970	1.6228938520
388	2.5863920170	1.7713194410	1.5991965470
389	2.5032925720	1.6585608280	1.6401232400
390	2.5666714470	1.8132547010	1.6215847520
391	2.5617487330	1.7559960350	1.6330595340
392	2.5472916610	1.7593512670	1.6820630600
393	2.5668763290	1.7546042630	1.6715946780
394	2.5578291840	1.7620692410	1.6920708130
395	2.5591515780	1.7709441760	1.6747906400
396	2.5672245290	1.7706217840	1.6234346700
397	2.5717847370	1.7150089120	1.5740721580
398	2.4813756540	1.7177116450	1.6269216230
399	2.4540275140	1.7056898680	1.6302002360
400	2.5289985530	1.6881967420	1.7216347730
401	2.5376348080	1.7979633130	1.6675692550
402	2.5548602580	1.7602433100	1.6350139450
403	2.8227480120	1.7227315950	1.6872712690
404	2.6107778960	1.7547376930	1.6750514120
405	2.5888379670	1.7852785810	1.6427414720
406	2.5135797960	1.7483636310	1.6445789470
407	2.5946816310	1.7783203750	1.6872131120
408	2.5723578090	1.7103811110	1.6939259360
409	2.5023077040	1.6786407570	1.7480953450
410	2.5379369270	1.7194453970	1.5785253970
411	2.5147022600	1.6788824960	1.6582665100
412	2.4962396700	1.7088046450	1.6645019130
413	2.4703674200	1.7443013380	1.6444330410
414	2.6286688220	1.7605716960	1.7579115190
415	2.6510033220	1.7916353840	1.7122831770
416	2.5246558220	1.7161496220	1.6331780170
417	2.5446762670	1.6979507480	1.7177385330
418	2.5464627500	1.6761104730	1.5734523870
419	2.4908912900	1.7739273190	1.6393247480
420	2.4440546230	1.7145465180	1.6813421120
421	2.5793153520	1.7050794870	1.7444269770
422	2.5116142050	1.6895580310	1.9881548770
423	2.5101547860	1.7340462550	1.6974605610
424	2.6596556720	1.7529976850	1.6464385000
425	2.7700941490	1.8309371530	1.7122420860
426	2.7461015080	1.9501624600	1.6938776180
427	2.5599023460	1.6952869000	1.6398353730
428	2.4847888620	1.7096180380	1.5724068360
429	2.5187035500	1.7013133550	1.6061834850
430	2.4467018850	1.7082090170	1.7175953790
431	2.5492520470	1.9583122170	1.8107036820
432	2.5986978870	1.7423063790	1.7392800900
433	2.5375347370	1.7182524570	1.6647873950
434	2.4950793460	1.7439465560	1.6840581610
435	2.5113430480	1.7418461000	1.8127584040
436	2.7044870020	1.8996291850	1.6638342280
437	2.5164924680	1.7640045660	1.6782739390
438	2.5552973980	1.6552203840	1.6151017500
439	2.6379004370	1.6740377450	1.7601897050
440	2.4703538640	1.6714724030	1.5787175920
441	2.4980226070	1.6696363910	1.6783222820
442	2.5781479340	1.7196965490	1.6615816320
443	2.4616825430	1.7901310350	1.6823756240
444	2.4389456330	1.9404691940	1.6911148600
445	2.4874662570	1.8024575580	1.6909815070
446	2.5727607090	1.6698303740	1.6872289200
447	2.7884208120	1.7149069080	1.7447616810
448	2.5681980230	1.7969659570	1.6657093900
449	2.4668533880	1.7656140770	1.5925099510
450	2.4979417360	1.7751238710	1.6850105660
451	2.4735294440	1.8046078350	1.6926056040
452	2.5004973930	1.6698073540	1.6417515590
453	2.4687217930	1.7261193430	1.6682320120
454	2.4977503980	1.6724770300	1.6256704670
455	2.8896041380	1.7808693210	1.6890711690
456	2.5609138390	1.7172739230	1.5917237950
457	2.5341747690	1.7225056310	1.7098143500
458	2.5216229970	1.8728906540	1.6254728060
459	2.6166023120	1.6996022570	1.6051180320
460	2.7496029130	1.8058084520	1.7639866480
461	3.0396597350	1.7677997890	1.7033101760
462	2.7098617090	1.8336106220	1.6865577370
463	2.5260295450	1.8371942180	1.6301895370
464	2.5711095130	1.7112601550	1.7049481300
465	2.6355062740	1.7498856610	1.6988400890
466	2.6268281500	1.8840827790	1.7041837520
467	2.6429164140	1.8003783240	1.6578556170
468	2.5721318840	1.7322589070	1.6036338590
469	2.6782037200	1.8415949350	1.5838981070
470	2.7921590600	1.9710127820	1.7709522640
471	2.7273387490	1.8552080300	1.6962421800
472	2.5422198990	1.7754235510	1.6237758020
473	2.4386703530	1.6735314730	1.6678961680
474	2.5305911410	1.6724293940	1.6630032250
475	2.5749114030	1.7595761940	1.6173064680
476	2.5468476870	1.6980469470	1.6751936290
477	2.5460907650	1.7491248900	1.6287835630
478	2.5383465360	1.7043489390	1.5704274620
479	2.4939273110	1.8034381440	1.6142379500
480	2.5852640820	1.7204495020	1.6149547620
481	2.5488984570	1.6869185910	1.6040082610
482	2.4973683280	1.8280918440	1.6089217760
483	2.4925616020	1.7625305600	1.6092869960
484	2.4522215860	1.7622525600	1.6833615380
485	2.4681685290	1.7613544590	1.6711279870
486	2.4335802390	1.7662892830	1.6637270810
487	2.4347072630	1.7655807450	1.6167156450
488	2.5507674840	1.6990196640	1.6257038690
489	2.5603836890	1.7340652850	1.5631650400
490	2.6674861980	1.7841396340	1.8732781250
491	3.0290555590	1.6891344380	1.7087005810
492	2.6171459020	1.9109214510	1.7104995320
493	2.4992638840	1.6586239480	1.6692395640
494	2.4708159640	1.6944522110	1.6449512360
495	2.5714739260	1.6509939660	1.6935101730
496	2.6174990070	1.7302705070	1.7181747200
497	2.5322017560	1.6685670860	1.7045297760
498	2.4834644920	1.8160979110	1.5813973370
499	2.6291358800	1.7149523790	1.7347291140
500	2.4950960810	1.6782422660	1.6461468770
501	2.4684414790	1.7765050000	1.7042370600
502	2.5414138810	1.7674489030	1.7880133630
503	2.4488205220	1.8418102110	1.6800278130
504	2.5944498510	1.7227512450	1.6162242190
505	2.5300129890	1.8221495940	1.6536308510
506	2.4961565310	1.7031358930	1.7881545370
507	2.4847484960	1.8014051790	1.6348964610
508	2.4632552460	1.7724698890	1.6826151550
509	2.5646142300	1.7749244280	1.7240446820
510	2.5043023930	1.7356755140	1.6189868200
511	2.4489646380	1.7325858410	1.6695612940
512	2.5726863750	1.8036175880	1.6297795300
513	2.5715061290	1.8039202170	1.6839863140
514	2.4903904240	1.7885240790	1.6175256490
515	2.5680395590	1.7840927780	1.6091096330
516	2.5607409030	1.7521587920	1.7114406300
517	2.6486728920	1.7956259200	1.6788253240
518	2.5156177280	1.8059179520	1.6375825220
519	2.5754665180	1.7862193010	1.7271269750
520	2.4600160160	1.6962936010	1.6615732290
521	2.5750508370	1.7441590750	1.5861694920
522	2.5123623200	1.7914919740	1.6543083120
523	2.4961918650	1.7582284340	1.6550299000
524	2.5421691540	1.7162421770	1.6869624000
525	2.5617788590	1.7427101840	1.7368954020
526	2.5246811350	1.7899328300	1.6893248030
527	2.5995744550	1.8076380020	1.5819845860
528	2.5943641560	1.7281232260	1.6702252190
529	2.5076118170	1.6770612290	1.6151870500
530	2.5564838150	1.6898589400	1.6587720820
531	2.5429263850	1.8193974590	1.6511630510
532	2.5290169970	1.7036198730	1.8245565800
533	2.6513043770	1.7879293130	1.6933526300
534	2.8708508050	1.7258632880	1.5929714590
535	2.5681074840	1.7289686630	1.7054883640
536	2.4815671490	1.7202739390	1.6680555980
537	2.5405353190	1.8437797270	1.6320617050
538	2.5357985050	1.8176586320	1.6982926800
539	2.5665900420	1.6842928410	1.5639471850
540	2.5606372730	1.8011797880	1.5871543780
541	2.5109999120	1.7929945570	1.6039609410
542	2.6539100640	1.7923036410	1.6803297670
543	2.6175831900	1.6985802090	1.6864669850
544	2.5752274080	1.7789578140	1.6937572880
545	2.5584061540	1.8379237880	1.6878232690
546	2.5460317960	1.8184645950	1.6758219700
547	2.6468760380	1.7827123940	1.5858479290
548	2.5644711710	1.9318049420	1.7273620660
549	2.7687896670	1.8821145950	1.7303225270
550	2.4449284230	1.8236868000	1.7449136180
551	2.4580102070	1.7906780960	1.8567091140
552	2.5153844810	1.7780504430	1.6336094830
553	2.5661463450	1.8011909760	1.7115291420
554	2.5989449470	1.7342347720	1.6122038230
555	2.5113361240	1.7223967990	1.7042289540
556	2.5298260620	1.7957019510	1.6280892780
557	2.5192819150	1.7363190750	1.6934926170
558	2.5089207990	1.7240580880	1.6166475940
559	2.6284336210	1.8030303860	1.7161798470
560	2.6011593920	1.7110714150	1.6732356380
561	2.4651576760	1.7482724230	1.6566563990
562	2.5326678220	1.7319033080	1.6198276860
563	2.5256311060	1.7427917840	1.6301274700
564	2.6413748060	1.8071622050	1.6825250850
565	2.6300340520	1.8519622760	1.7892819480
566	2.7190888000	1.8937356220	1.7139943200
567	2.4437967610	1.6793371760	1.6346713660
568	2.4816664350	1.9314234770	1.7008031680
569	2.6478181060	1.8063070870	1.5859312180
570	2.4331427840	1.7647475920	1.6995537090
571	2.4762436050	1.7774858700	1.6210624530
572	2.4961349340	1.7180438380	1.6869241730
573	2.4302593290	1.7033813700	1.6671209350
574	2.4515970130	1.7194320790	1.6222357100
575	2.5891735050	1.7696496280	1.6879796650
576	2.6466458290	1.8279602630	1.9704350000
577	2.5617540410	1.7559876000	1.7305107770
578	2.6209889880	1.7990496380	1.6851197930
579	2.5804957300	1.7594875220	1.7018658980
580	2.5506212920	1.7487099110	1.6413887120
581	2.9206936410	1.7637885250	1.6340870720
582	2.9810262610	1.8210251020	1.7883341030
583	3.0588628210	2.0956066770	1.7144469200
584	2.6560691820	1.8262583170	1.6306774180
585	2.5952105940	1.7806245120	1.9392169090
586	2.6618722580	1.8405235110	1.6059136210
587	2.4537588850	1.7818174010	1.6172358160
588	2.7227786930	2.0420639810	2.0770375560
589	2.7696079350	2.0231344510	1.8198822950
590	2.6768820750	1.6596693070	1.7876631580
591	2.6533460060	1.7613666620	1.7294288710
592	2.4887793170	1.7117492020	1.5802605040
593	2.8615852550	1.8637417590	1.7263613610
594	2.5807713810	1.6927639230	1.6380225700
595	2.6113245130	1.8827405880	1.8721695120
596	2.6602409610	1.6947290370	1.5793225560
597	2.5402841820	1.7292936360	1.6500773910
598	2.5422902830	1.7025313380	1.6244760140
599	2.5361293640	1.7321773630	1.6793006310
600	2.5967345910	1.7483637210	1.6989437560
601	2.4665848740	1.6985510040	1.6915131830
602	2.7067956760	1.7027963790	1.6449441400
603	2.8003181100	1.8301259890	1.6127971560
604	2.5509791460	1.6879247060	1.7079940600
605	2.6541731000	1.7909927960	1.7014761860
606	2.5854316270	1.8336767780	1.5937197030
607	2.4895252200	1.7662149890	1.6288160880
608	2.5741284690	1.7383715150	1.7212998120
609	2.5263522670	1.7068440290	1.6534904720
610	2.5598302080	1.6703982140	1.6609406300
611	2.4796675780	1.7488806230	1.6441426090
612	2.5672056950	1.6618931300	1.6632319920
613	2.5295578170	1.7285095380	1.6383275610
614	2.5803694070	1.7950422950	1.6986475570
615	2.6483607540	1.8077545410	1.5964334520
616	2.7020448290	1.7385876480	1.5979075400
617	2.5329514130	1.6769914070	1.6263046510
618	2.5915081970	1.7032797220	1.6259841300
619	2.5162623110	1.7679713880	1.7436180420
620	2.5231073520	1.6970926080	1.7162900190
621	2.5699780580	1.7967375640	1.6956482580
622	2.6645721620	1.8871802860	1.5778731900
623	2.5080725610	1.7294423660	1.6067684640
624	2.7983245260	1.7392993540	1.6336093220
625	2.5653341380	1.6741757610	1.7115887080
626	2.6916125130	1.8730675620	1.6199803290
627	2.6272138720	1.7998330910	1.6773586140
628	2.5658521440	1.6725088810	1.5772303570
629	2.5452960310	1.7380151940	1.6345223340
630	2.7365510920	1.7819191530	1.7157639040
631	2.6397335630	1.7149929670	1.6254189820
632	2.5581180500	1.7899043070	1.7085542370
633	2.6488416880	1.8806615590	1.6348794460
634	2.5070163930	1.7279278360	1.6828249460
635	2.4591215750	1.6545992300	1.7427711480
636	2.5727541220	1.7799616560	1.5844362100
637	2.6325027210	1.7945579430	1.7012210820
638	2.6450109560	1.7990001860	1.6610110730
639	2.5602508940	1.7544954780	1.6182817390
640	2.5543369890	1.7120776540	1.6896229220
641	2.4516255480	1.7186103650	1.6285793400
642	2.4539418610	1.7072697770	1.6708992580
643	2.5054815540	1.6963634560	1.5914751110
644	2.5093719420	1.6911188350	1.5932178120
645	2.5013189000	1.7523957070	1.7359317800
646	2.5153909070	1.6488903090	1.6018252430
647	2.4480508050	1.7741132980	1.6819036960
648	2.4423685270	1.6677990590	1.6684988410
649	2.4482335840	1.7870478000	1.6725063610
650	2.4427650180	1.7009400700	1.6216792810
651	2.4550799100	1.7903315080	1.6161548820
652	2.5661435180	1.7771771810	1.7760453380
653	2.7428043430	1.6961333070	1.6867273670
654	2.5372057210	1.7117447380	1.6735889730
655	2.4850412780	2.0100518000	1.7324133240
656	2.5288974400	1.7226203470	1.8822365470
657	2.6199061230	1.9068281590	1.7158283390
658	2.5324205000	2.0177685000	1.6245248830
659	2.7304706190	1.7312041920	1.8937848400
660	2.6249646420	1.6936623140	1.7393239660
661	2.5330840150	1.6642930040	1.7594962100
662	2.5897655490	1.7644033610	1.7484427150
663	3.0996533810	1.8496874860	1.7106024740
664	2.6199767610	2.0087258430	1.7317982980
665	2.5605156510	1.8298450660	1.7130224980
666	2.5286118180	1.7895713170	1.7072115440
667	2.6593430850	1.9340628140	1.8854290930
668	2.7594634640	2.0129465760	1.6947568070
669	2.5330743730	2.0035499840	1.7135527100
670	2.4971310060	1.7136929720	1.8062089550
671	2.8789190670	1.7608754700	1.6656050900
672	3.0094193780	1.9418331970	1.8962067650
673	2.6574737480	1.9543003450	1.9508335400
674	2.8115744600	1.8517306910	1.6170904560
675	2.5493348000	1.7197483340	1.7624829490
676	2.5436188570	1.7888718640	1.7268706280
677	2.6526157430	1.8168765430	1.6984819120
678	2.6144946860	1.7790907930	1.5986176800
679	2.5840050750	1.7416210980	1.7579179170
680	2.6666380770	1.6749486040	1.6750730820
681	2.5939993810	1.9623794250	1.7384947690
682	2.4533438600	1.7801171950	1.6105319270
683	2.5427121310	1.8051390490	1.6109202670
684	2.6697886730	1.8063189590	1.6719594780
685	2.6407837750	1.7268108690	1.6310501840
686	2.4760423640	1.7928313590	1.6229676560
687	2.6630281750	1.8107836730	1.6865736710
688	3.4968303170	1.7314410810	1.6281719800
689	2.5293766670	1.7684440160	1.6203967390
690	2.6566098250	1.8467124580	1.6147295130
691	2.4557814140	1.6888337830	1.6424509160
692	2.6034383180	1.8240103310	1.7742686940
693	2.6495848970	1.7891158080	1.6825004090
694	2.4966797970	1.6852140410	1.6423472560
695	2.5189702720	1.7329405040	1.6779620690
696	2.6760592640	1.7498725250	1.5864922370
697	2.6091865030	1.8251308490	1.7087779970
698	2.6287882210	1.7375768330	1.7891998280
699	2.5493696220	1.7299767240	1.5870016020
700	2.5754200800	1.7324235450	1.8136196750
701	2.6532642900	1.7814297890	1.6983452790
702	2.5682428570	1.6759470000	1.6794450500
703	2.8811864710	1.7716041590	1.6454644340
704	2.6092489570	1.9009206840	1.6471663910
705	2.4805224930	1.7244976010	1.6263472340
706	2.6320008510	1.7029564180	1.8071845850
707	2.6873744360	1.6833835890	1.6379211870
708	2.8313463910	1.8460060080	1.5663408750
709	2.7868773870	1.7382224020	1.5911862720
710	2.5655579370	1.7803166680	1.6084208100
711	2.5514997610	1.8630301060	1.5962584450
712	2.5610341190	1.7822458010	1.6314664590
713	2.5589737750	1.7890358870	1.6220762800
714	2.5374882710	1.7900630450	1.6059703870
715	2.4655841750	1.7050863090	1.7111282840
716	3.0086456080	1.8043514390	1.6377199680
717	2.5693664980	1.7686877920	1.6153216150
718	2.5514649620	1.8054710960	1.7476358440
719	2.5642922030	1.7651779930	1.5678646990
720	2.5895220390	1.7954016170	1.5609196010
721	2.5414318760	1.7404508350	1.7094819000
722	2.5499653370	1.6841884130	1.5827582720
723	2.5538648940	1.8220706360	1.5951298310
724	2.6157385270	1.7267954330	1.5929647860
725	2.4651379860	1.7915509070	1.6115072790
726	2.6235995530	1.7701361930	1.7020422140
727	2.6543400270	1.8121901190	1.6436197450
728	2.6169561670	1.7754406700	1.5939270840
729	2.5548921260	1.6485021280	1.6027698880
730	2.6102998370	2.0578942060	1.7186979860
731	2.6036144020	1.7046283560	1.6038994240
732	2.6130271230	1.7597203360	1.5778331000
733	2.7212369500	1.7791819530	1.6339332770
734	2.5885894780	1.9862008300	1.6132221980
735	2.5436276950	1.6843195840	1.6608172790
736	2.7674978850	1.7051937430	1.5676281510
737	2.4892885320	1.7962997970	1.7002329300
738	2.5724316600	1.7380550520	1.7630418320
739	2.6486469960	1.8054948160	1.6962726530
740	2.5645379530	1.7819320780	1.6160396280
741	2.5530259230	1.7087088050	1.6657638010
742	2.4551323140	1.7733103610	1.6614717530
743	2.4493891390	1.7780252360	1.6157075540
744	2.4432848850	1.6905511030	1.5581604440
745	2.5560910850	1.6908379680	1.6550771370
746	2.4754890920	1.7045172810	1.6239654490
747	2.5536504530	1.7616228220	1.6872025260
748	2.6120016620	1.7253393550	1.8960168310
749	2.6554457780	1.6858357610	1.6167009480
750	2.4925687390	1.7069139690	1.6793216350
751	2.6055084080	1.7041476050	1.6322262250
752	2.5145291870	1.7134966710	1.6848682660
753	2.5200970270	1.7660451560	1.6191854970
754	2.5054292540	1.6964217900	1.5745820960
755	2.4976656170	1.7521454590	1.6801689620
756	2.5214262730	1.7592498670	1.6852231800
757	2.4668427760	1.7646939880	1.6762320270
758	2.4554664900	1.7142455110	1.7939777980
759	2.6436517450	1.7777208790	1.6339225280
760	2.5260402680	1.6954195470	1.6839447890
761	2.4885135000	1.6907034970	1.6752790070
762	2.4435231380	1.7329225080	1.6536714550
763	2.4388666310	1.7502541630	1.6376618730
764	2.4987343930	1.8118687350	1.6564539090
765	2.5302226460	1.7478045110	1.6413310800
766	2.4986096040	1.7761989320	1.6290942910
767	2.5447049960	1.7628777430	1.6727122580
768	2.4949501040	1.8302017920	1.6712187680
769	2.6509642870	1.8472232200	1.7327826610
770	2.4445746400	1.9164271130	1.7225620600
771	2.5911486600	1.8715646620	1.7286848090
772	2.7571767450	1.9056550970	1.5972034490
773	2.4489191010	1.6778159260	1.7534215840
774	2.5136082480	1.6724150030	1.7006338420
775	2.7873801910	1.7057501610	1.6272848560
776	2.5436281450	1.7003587370	1.6618071730
777	2.4602848780	1.7130497480	1.6864912350
778	2.4300777580	1.7672229710	1.6672024870
779	2.4302919340	1.8328006740	1.7284496700
780	2.4783839310	1.8320426070	1.7816243940
781	2.6277083440	1.8316512890	1.7191003780
782	2.5085096790	1.6804302590	1.6897214220
783	2.4358698420	1.7924236370	1.7420328070
784	2.5866877150	1.7863832080	1.6748452630
785	2.5448040570	1.7178341800	1.6268105620
786	2.6521686060	1.7492106300	1.6940565770
787	2.6704931160	1.7972980570	1.7074182420
788	2.6356184110	1.7607446940	1.7472027010
789	2.5329931210	1.7102316890	1.7695013980
790	2.6912824740	1.7935164130	1.7139600000
791	2.8223798760	2.0095956230	1.6725481710
792	2.6598336080	1.7559933490	1.7476939440
793	2.5643745150	1.6895072460	1.6769738220
794	2.5602821570	1.6853234250	1.6272906600
795	2.5584903650	1.7256658810	1.6217440570
796	2.5300520560	1.6552773120	1.6942858190
797	2.5556352150	1.7154973170	1.6186906000
798	2.4960980010	1.6986992500	1.6932075700
799	2.4995112560	1.7045220580	1.6114949830
800	2.4553987250	1.6578489800	1.6212369960
801	2.4302199950	1.7048859750	1.6870025560
802	2.5349732050	1.7567213240	1.6900666850
803	2.4728368750	1.7771932170	1.6749330030
804	2.4621200920	1.6731251150	1.5616874570
805	2.5123765780	1.7233498230	1.6741171300
806	2.6614556490	1.8055579610	1.6609607030
807	2.6213175000	1.8183914040	1.7009466480
808	2.6301555680	1.7468959230	1.7585712250
809	2.4797351180	1.7921448660	1.6924190310
810	2.5407065840	1.8104250960	1.7134899080
811	2.6231889870	1.8218137100	1.6462657050
812	2.4757497060	1.7984720550	1.7156236290
813	2.4706587580	1.6886922330	1.6609467330
814	2.5176441220	1.7813204110	1.6839184310
815	2.5221116120	1.7319598570	1.6180962600
816	2.4555338560	1.7876422520	1.6361307280
817	2.5661825430	1.7472683860	1.6534839880
818	2.4710921840	1.8182458020	1.6216056430
819	2.5576265090	1.6825028460	1.6769307440
820	2.6127847190	1.7673812410	1.6296719340
821	2.6415580770	1.8098495650	1.6766933580
822	2.6478270640	1.8209660980	1.6263256930
823	2.7635624070	1.7365838410	1.7134221730
824	2.4710446230	1.7878706200	1.8141156870
825	2.5031996660	1.7853247030	1.6483821610
826	2.4724078250	1.7940191950	1.7017584950
827	2.5172072090	1.7531629190	1.6894938180
828	2.4404026790	1.7389834260	1.5643698970
829	2.4743293810	1.7297953810	1.6183579410
830	2.5851420370	1.7632672300	1.6231413190
831	2.5880452700	1.7192918730	1.5555007510
832	2.8021854530	1.8677721060	1.6094885620
833	2.6683484750	1.7997593630	1.6164081560
834	2.5783194170	1.8034662160	1.7454092380
835	2.5317534600	1.7371194830	1.6586334200
836	2.5173908840	1.7845442730	1.7436978290
837	2.5076090370	1.8109047430	1.6501822450
838	2.7949262500	1.9915883740	1.7339281140
839	2.4921833880	1.7251713060	1.5996440960
840	2.5916865730	1.7577113600	1.6903507650
841	2.4294142630	1.7727439970	1.5909476470
842	2.4546026710	1.8396934180	1.7461934600
843	2.6187417300	1.8160167220	1.6996727390
844	2.5925234690	1.7480929930	1.6209157960
845	2.6127068700	1.8444100420	1.8122531270
846	2.6396916630	1.7704273270	1.6219340380
847	2.4826156850	1.8531906150	1.7465068820
848	2.7745336590	1.8326683460	1.9640198120
849	2.6534762260	1.7391006940	1.6439490040
850	2.5152537100	1.8313087530	1.5773518890
851	2.4957771980	1.6562442180	1.5804522580
852	2.4505887990	1.7161983610	1.6047197750
853	2.7601726140	2.0747717310	1.7099585550
854	2.6528308550	1.9633036380	2.1094315440
855	2.8255399870	2.0086310340	1.7248850830
856	2.9071047490	1.7305762760	1.9095213970
857	2.7126777570	1.9504935460	1.7071950280
858	2.5732529930	1.7151774030	1.6828841780
859	2.7444624870	1.8040727330	1.9803902140
860	2.5894518670	1.7211492100	1.7045127280
861	2.7397312740	1.7736807540	1.7114577180
862	2.7949878410	1.7756736500	1.6202768030
863	2.8605095620	1.7669082710	1.6038196240
864	2.5905000210	1.7491129590	1.6612516030
865	2.5345327710	1.6865717410	1.6329507530
866	2.5694603360	1.7618857710	1.6508185200
867	2.5629817540	1.7815857130	1.5938732810
868	2.5250583400	1.6559881310	1.6963202010
869	2.5374030350	1.7074114830	1.7007410400
870	2.5049710950	1.7640759030	1.7397925060
871	2.5895107130	1.7624416800	1.6820638240
872	2.6379183810	1.7951370930	1.7731033520
873	2.6567677910	1.7783442390	1.7005872870
874	2.7892332060	1.8119618250	1.7326708720
875	2.5804829230	1.7810832160	1.5635202670
876	2.6099231510	1.6762261170	1.5668503110
877	2.5749864220	1.7142966440	1.6390466330
878	2.6247927750	1.7782620590	1.7179328250
879	2.6575317400	1.7303485260	1.5702368160
880	2.5747403490	1.7383977380	1.6139192000
881	2.5084813410	1.7572779790	1.6641172630
882	2.5585153060	1.7441408290	1.6285020620
883	2.7186790780	1.7904746890	1.7050303790
884	2.5978933670	1.7305118890	1.6164668970
885	2.4787733110	1.6783053750	1.7270087320
886	2.5645896210	1.8595718950	1.6864235600
887	2.6376529050	1.7548365060	1.6198662780
888	2.5318812250	1.8093823740	1.6450503140
889	2.5579489050	1.7086451490	1.7546980600
890	2.6501136660	1.8990612410	1.6649717930
891	2.5414519580	1.7906107050	1.7311645470
892	2.5722860940	1.9044605020	1.8659181750
893	2.7799861920	1.7759889590	1.7990157770
894	3.2006314880	2.0380318740	1.8938178940
895	2.7351546420	1.6808876280	1.6797073850
896	2.5229359210	1.6590748280	1.7039675900
897	2.6460741860	1.7889766590	1.7035820680
898	2.5969563250	1.7033679340	1.6876082280
899	2.5643515010	1.7063629850	1.6612170770
900	2.5810334530	1.7313912660	1.7047471940
901	2.5127687890	1.7524532710	1.6364474560
902	2.5298373840	1.6891011530	1.7020899900
903	2.5375442300	1.7313936200	1.6371201140
904	2.6401707990	1.7881405090	1.7251314160
905	2.5417936390	1.6640010510	1.6555928480
906	2.5212076150	1.6914140980	1.6369399450
907	2.5712243430	1.7215855640	1.6926592890
908	2.5485704080	1.7666132510	1.6205043450
909	2.5862555000	1.7766100930	1.6448549510
910	2.5515885310	1.7574852400	1.6912013540
911	2.6133022010	1.8274174940	1.7034657210
912	2.5370902550	1.6694834310	1.6774580850
913	2.4721262560	1.7627813500	1.6795871190
914	2.4259063640	1.7226709870	1.6787097370
915	2.4336929560	1.7797447790	1.6165790010
916	2.4435325720	1.8397618410	1.6473357460
917	2.5560455730	1.8247769400	1.6140644480
918	2.5578207880	1.7310809190	1.6204459810
919	2.4839908960	1.7078792820	1.6653291760
920	2.7447893840	1.8433609440	1.6776503540
921	2.6548250090	1.8150532280	1.6933810440
922	2.6044448500	1.7122873400	1.6765893480
923	2.5192475480	1.9225442160	1.8177327540
924	2.6012271840	1.6899708680	1.6482703400
925	2.5353590670	1.7981549020	1.6953589870
926	2.5497765550	1.8773489240	1.6982960860
927	2.6771495620	1.8213878050	1.6675734260
928	2.7358769410	1.7599923010	1.7321514630
929	2.6608426680	1.7967430470	1.6621498250
930	2.9292329590	1.8539967370	1.6849328650
931	3.1970596930	1.8902526240	1.7805137430
932	2.8690225760	1.8497597760	1.7246505770
933	2.6332957030	1.8383963310	1.6573043370
934	2.6086071350	1.8338851220	1.5603393830
935	2.6115078360	1.7441764520	1.7367433610
936	2.6561845600	1.7065664850	1.6577977280
937	2.5026943060	1.8978627860	1.6761713570
938	2.6524929760	1.8082904460	1.6565674390
939	2.5786481690	1.8388532850	1.6906421750
940	2.4781577160	1.7959367720	1.6410783800
941	2.5872867320	1.7480538900	1.6190785870
942	2.5134439050	1.7149859080	1.6687008990
943	2.5137174460	1.7374053190	1.7228724630
944	2.5509884430	1.7102696600	1.7671875670
945	2.6580806730	1.8331406480	1.7000847660
946	2.9198636320	1.8732667420	1.7807828610
947	3.6664709120	1.9024724620	1.6952343980
948	2.7042859490	1.8468949370	1.6410293800
949	2.4963741940	1.7195681030	1.6595010020
950	2.5505170420	1.8136501160	1.6611245920
951	2.5770291480	1.7748318870	1.5580122330
952	2.5597286660	1.6952783370	1.6127041540
953	2.5730479500	1.7151766910	1.6127903470
954	2.5745256190	1.7944837170	1.5901236220
955	2.4924335180	1.7661931070	1.5995255530
956	2.5205836800	1.6739918850	1.6743529860
957	2.5028946310	1.7659208310	1.6789515650
958	2.5616122080	1.7354411490	1.6279679270
959	2.4739904890	1.7722607000	1.7392454630
960	2.6151589240	1.7747191970	1.7151452090
961	2.6505585800	1.7079619410	1.6177653290
962	2.5395225280	1.6522852870	1.6550988370
963	2.5419661030	1.7647852070	1.7290066340
964	2.6755956000	1.7827033210	1.7227601540
965	2.6251353440	1.7682982550	1.7291833010
966	2.6331459330	1.7322297970	1.5997219450
967	2.6801392290	1.7466188260	1.8546058170
968	2.6582199280	1.7278108750	1.6321847930
969	2.6427456200	1.8160249200	1.6831044800
970	2.5595524780	2.0043691210	1.8181481220
971	2.8377927960	1.9048697480	1.6937879880
972	2.6373758120	1.7664714570	1.6737080840
973	3.2432219550	1.8310103050	1.8945847010
974	2.7474648210	2.0699597740	1.7837298960
975	2.7375984450	1.8078545280	1.7325270410
976	2.5324521050	1.7825436190	1.5688453930
977	2.5553389990	1.6758247890	1.6631326570
978	2.6209366170	1.6671992370	1.6631024730
979	2.8342075880	1.7089280880	1.6038134780
980	2.5755640000	1.7825741350	1.7226084100
981	2.6526836770	1.8894578290	1.6672203170
982	2.5686181690	1.7498143700	1.5937343120
983	2.5839070750	1.6899143790	1.6385769020
984	2.5621860390	1.9131205200	1.8277397950
985	2.6086309040	1.7930848000	1.6694714910
986	2.6124344550	1.8335303800	1.6858487640
987	2.6373565940	1.7713475530	1.6726382280
988	2.4812956820	1.8275642520	1.5762991460
989	2.4705875450	2.2060700730	1.6742279980
990	2.6519806500	1.8103312670	1.6347581600
991	2.4581560250	1.7785701530	1.6658938640
992	2.7084843140	1.7233835500	1.6439714310
993	2.5412185380	1.7779225450	1.6851661470
994	2.7986084360	1.7311050940	1.6447340840
995	2.5189215400	1.7888177990	1.7173673810
996	2.6470162810	1.8513425060	1.6395111410
997	3.0623056030	1.7087956830	1.9006686940
998	2.5873587200	1.8346434760	1.7208635280
999	2.5667988950	1.7437734590	1.6230717870
