0	0.6260240330	0.4278592980	0.3653962160
1	0.6143652270	0.3872984040	0.3649706400
2	0.5902265830	0.5088369970	0.4151328780
3	0.5891792250	0.3846777640	0.3644888350
4	0.5888248560	0.3860661320	0.3881525210
5	0.5880799950	0.3934383420	0.3684654760
6	0.5853589440	0.3870607720	0.3668278740
7	0.6054018550	0.3894459060	0.3665407640
8	0.5914060870	0.3913192190	0.3689445950
9	0.6024242290	0.3867826790	0.3646582650
10	0.5868834980	0.3876687600	0.3642320630
11	0.5924554670	0.4242713210	0.3666979540
12	0.5938012430	0.3884220420	0.3693980400
13	0.5879352860	0.4002663600	0.3771063440
14	0.5843483230	0.4050233700	0.3700541700
15	0.5856109790	0.3866581360	0.3727475600
16	0.6078048990	0.3854055420	0.3644242790
17	0.5860864730	0.3836167970	0.3658878940
18	0.5852589070	0.3831282850	0.3659774160
19	0.5904414110	0.3921373650	0.3670833960
20	0.6853084560	0.4374062520	0.3694474390
21	0.5882151050	0.3840108550	0.3677123750
22	0.5899807660	0.3831126350	0.3676310490
23	0.5852533860	0.3964016030	0.3653665850
24	0.5888367510	0.3888267540	0.3653637140
25	0.5857397560	0.3839498910	0.3712543610
26	0.5877606930	0.4962944060	0.4083100740
27	0.5841675700	0.3849383600	0.3645359640
28	0.5891962860	0.3862610610	0.3687844060
29	0.5868991640	0.4960979340	0.4051737300
30	0.5836650800	0.3878609150	0.3705813320
31	0.5882035320	0.3849313000	0.3673892880
32	0.5943420610	0.4991615930	0.4792938200
33	0.6007820060	0.3869762150	0.4244416420
34	0.6511322630	0.4249914460	0.3734828680
35	0.6422365260	0.4877160790	0.4863720130
36	0.5890036860	0.3863891470	0.3666656890
37	0.5864475310	0.3942388360	0.3678904340
38	0.5876077470	0.3832405120	0.3667562850
39	0.5833754460	0.3831505470	0.3852922160
40	0.5851682210	0.3838096080	0.4768592330
41	0.7059772520	0.4448110160	0.3633360520
42	0.7034892050	0.4325265490	0.3651848840
43	0.5908927760	0.4864880200	0.3671117320
44	0.6031570640	0.3851292640	0.3684559520
45	0.5850596910	0.3840129530	0.3674897680
46	0.5858992910	0.3849814910	0.3660069240
47	0.5878135130	0.3828071520	0.3937378670
48	0.5870738140	0.3847712160	0.3695412350
49	0.6414469980	0.4325182980	0.3647221230
50	0.5877262910	0.3886862080	0.3680556160
51	0.6928273330	0.4609830280	0.4097589160
52	0.6841862450	0.3857314320	0.3644635130
53	0.5873894280	0.3874095900	0.3665980620
54	0.5881419340	0.3857965570	0.3668453980
55	0.6056273560	0.3892752600	0.4156484100
56	0.6549780310	0.3833134340	0.3783814400
57	0.5969631550	0.3836570600	0.3672907470
58	0.5840501870	0.3855850100	0.3659831230
59	0.6088828890	0.3842938000	0.3668965420
60	0.5893024520	0.3843820120	0.3649907880
61	0.5872690070	0.3876500350	0.3700159570
62	0.5895812260	0.3867309330	0.3674453770
63	0.5923272380	0.3862126060	0.3676633140
64	0.5851642730	0.3865378160	0.3662276040
65	0.5870611840	0.3864934370	0.3672105050
66	0.5909041190	0.4056057350	0.3649020440
67	0.5854680450	0.3833455410	0.3666621470
68	0.5833248880	0.3848807250	0.3685680330
69	0.5833271770	0.4035152780	0.3677455240
70	0.5854149660	0.3862669540	0.3641404700
71	0.5854207680	0.3844439610	0.3660429930
72	0.5864731090	0.3834700450	0.3659076220
73	0.5860233260	0.3861035280	0.4210195120
74	0.6618722940	0.3844006770	0.3649922420
75	0.5844594350	0.3845634160	0.3648268960
76	0.5865939870	0.3849447660	0.3654655820
77	0.5875894810	0.3840398030	0.3688434770
78	0.5823384140	0.3854798420	0.3646998530
79	0.6022866110	0.3850883910	0.3830760670
80	0.5871215680	0.3840175580	0.4654891940
81	0.5865186090	0.3834253580	0.3659389510
82	0.5866471230	0.3832683660	0.3636173560
83	0.5831172930	0.3848919820	0.3767094940
84	0.5865683260	0.3834918770	0.3663333750
85	0.5858444720	0.3937027940	0.3659862780
86	0.5848524670	0.3841326950	0.3655375590
87	0.5877393560	0.3866557770	0.3656329500
88	0.5903235340	0.3855357650	0.3669888580
89	0.5842917130	0.3822852780	0.3645110540
90	0.5859927810	0.3845174650	0.3649659760
91	0.5885014360	0.3842207010	0.3666358940
92	0.5870987120	0.3843314630	0.3675913420
93	0.6730455700	0.3844188120	0.3682911750
94	0.5853691000	0.3849252800	0.3664887830
95	0.5848873860	0.3868853230	0.3770284890
96	0.5873777280	0.3860978530	0.3653168250
97	0.5862388290	0.3844532900	0.3672207930
98	0.5880056870	0.3858096430	0.3636155330
99	0.5859563680	0.3845556980	0.3651334660
100	0.5880452640	0.3851817050	0.3664774490
101	0.5854675710	0.3847564140	0.3650390040
102	0.6021567950	0.3835791110	0.3666892160
103	0.5874326750	0.4922698120	0.4647447420
104	0.6922457820	0.3838379240	0.3646438100
105	0.5834749460	0.4108834010	0.3664360360
106	0.5844384280	0.3855606190	0.3671449680
107	0.6182455570	0.3843738660	0.3661404140
108	0.5998273710	0.3840305850	0.3668375870
109	0.5848278680	0.3847878920	0.3675982800
110	0.5871209320	0.3871365510	0.3645810050
111	0.5866284920	0.3837079090	0.3654635960
112	0.5865164300	0.3853591620	0.3664038700
113	0.5861733410	0.3842366290	0.3682437810
114	0.5870637340	0.4094500900	0.3669357790
115	0.5857117450	0.3841301150	0.3636868910
116	0.5859835680	0.3848163560	0.3691426800
117	0.5862846830	0.3830610580	0.3815172700
118	0.5862536660	0.3858734530	0.3688424240
119	0.5905127660	0.3895071490	0.4254387610
120	0.6978811670	0.3840230400	0.3661835870
121	0.5853572940	0.3835249800	0.3663940880
122	0.7095234650	0.4777397560	0.3669531980
123	0.5855308690	0.3873453520	0.3671000290
124	0.5859907300	0.3836489560	0.3656896750
125	0.5856180250	0.3847627220	0.3785742420
126	0.5863333800	0.3838855270	0.3652374170
127	0.5868030270	0.3848779490	0.3684482180
128	0.5879117550	0.3834206710	0.3655501770
129	0.5907293120	0.3879880780	0.3660245970
130	0.5879521010	0.3885667700	0.3674768530
131	0.5863230590	0.3856069570	0.3658030090
132	0.5869834320	0.5041453380	0.3661295700
133	0.5850384010	0.4088664640	0.3665701250
134	0.5866304300	0.3859845940	0.3655874270
135	0.5846017600	0.3850325800	0.3653883600
136	0.5898145060	0.4995905710	0.4639060200
137	0.5880480630	0.3857423810	0.3667714710
138	0.5887282120	0.3868195950	0.3654330100
139	0.5842273500	0.3831213010	0.3651485690
140	0.6089878580	0.3832094700	0.3655534800
141	0.5855108170	0.3844441600	0.3666877780
142	0.5846988660	0.3844151300	0.3677466760
143	0.5910023050	0.3860161010	0.3673052920
144	0.5871303420	0.3855863690	0.3665656510
145	0.5846000140	0.3852955280	0.3720301220
146	0.5859290240	0.3856791290	0.3651241850
147	0.5851859100	0.3836165750	0.3691759830
148	0.5853520250	0.3853145480	0.3679893830
149	0.5891987270	0.3858577840	0.3694955430
150	0.5872306860	0.4038010880	0.3668393160
151	0.5863367330	0.3870295960	0.3648028100
152	0.5979580570	0.3837326730	0.3647751800
153	0.5898415760	0.3839714810	0.3647188550
154	0.5880084440	0.3845715900	0.4797361220
155	0.6995814080	0.3828586450	0.3652942560
156	0.5852988690	0.3852510320	0.3693774880
157	0.5908224110	0.3846159190	0.3837136630
158	0.5855908940	0.3853346400	0.3690436400
159	0.5822687520	0.3849892400	0.3641340910
160	0.5843840760	0.3837884690	0.3643886650
161	0.5866736640	0.4012911940	0.3754002290
162	0.5868328070	0.3862094340	0.3646514920
163	0.5880759310	0.3861436420	0.3664346970
164	0.5872158930	0.3834868410	0.3674531560
165	0.5881597370	0.3858142950	0.3734579470
166	0.7501717490	0.4610478470	0.3768081940
167	0.5903598550	0.3891794280	0.3747018010
168	0.5916874490	0.3875416140	0.3663108070
169	0.6004431420	0.4496657930	0.3660799940
170	0.6367971640	0.4691910230	0.4821007460
171	0.6322990430	0.3854297820	0.3655538450
172	0.6212375010	0.4912126300	0.4672077470
173	0.5850005890	0.3847064460	0.3655782040
174	0.5827579430	0.3832191070	0.3645737790
175	0.5828527330	0.3840541380	0.3646444450
176	0.5835711320	0.3881234930	0.3700918170
177	0.5923154900	0.3896130660	0.3706035730
178	0.5871295630	0.3840627790	0.3668401830
179	0.5855749730	0.3835464000	0.3653579520
180	0.5859433780	0.3868834580	0.3677777860
181	0.5886127880	0.3847967980	0.3677285570
182	0.5878017300	0.3856035850	0.3674033550
183	0.5850173850	0.3866816040	0.3683234130
184	0.5841629910	0.3873210150	0.3681291410
185	0.5875489050	0.3865958360	0.4740832590
186	0.5860126100	0.4893811560	0.3680687320
187	0.5862500440	0.3871339410	0.3672522880
188	0.5884045380	0.3859766580	0.3655394790
189	0.5864925310	0.3867964960	0.3657113580
190	0.5845458440	0.3866783740	0.3668289990
191	0.5857805640	0.3846795440	0.3678028770
192	0.6940225970	0.3843420300	0.3643781580
193	0.5876353910	0.3879077020	0.3702450800
194	0.5870676600	0.3831594960	0.3660405610
195	0.5879746140	0.4871104910	0.4798256570
196	0.6136857440	0.3836712500	0.3647262770
197	0.5823527280	0.3859551170	0.3655667410
198	0.5855124720	0.3835630250	0.3645869360
199	0.5859500230	0.3850739120	0.3636399540
200	0.6377476880	0.4667517030	0.3683893060
201	0.5973316670	0.3853885120	0.3658485670
202	0.5846541210	0.3995177910	0.3661633710
203	0.6427653190	0.3871638710	0.3668270060
204	0.5833332880	0.3993588900	0.3662460110
205	0.5884416660	0.3829074210	0.3677292390
206	0.5895706510	0.3884388190	0.3653466430
207	0.5857220100	0.3909031400	0.3673142220
208	0.5908510610	0.3833688350	0.3653608130
209	0.6077476740	0.3853810340	0.3688809890
210	0.5903846250	0.3856170310	0.3663241810
211	0.5868509420	0.4240470420	0.3680860540
212	0.6197023270	0.3856428330	0.3675470790
213	0.5850601570	0.3997299230	0.3663473580
214	0.5881973250	0.3848273260	0.3693943330
215	0.5861458480	0.3868558540	0.3665636200
216	0.5864195750	0.4022100750	0.3661029960
217	0.5900186490	0.3866442140	0.3655423750
218	0.5872468130	0.3856953260	0.3656818190
219	0.5851455440	0.3871125890	0.3729272350
220	0.5884501580	0.3838142040	0.3661787340
221	0.5932672940	0.3840392240	0.3669800740
222	0.6375764860	0.3843981450	0.3668277260
223	0.5876495780	0.3852944540	0.3667019840
224	0.5831917820	0.3853312040	0.3685594860
225	0.5872915160	0.3872176360	0.3673711190
226	0.5887278910	0.3834039450	0.3676397310
227	0.5863760180	0.4918612920	0.4766708020
228	0.5906080130	0.3902313060	0.3656191990
229	0.6453943810	0.3852025340	0.4743587040
230	0.5960680750	0.3859310020	0.3675645160
231	0.5868121880	0.3847110950	0.3661785070
232	0.6529167730	0.3876359400	0.3647115660
233	0.5901398930	0.3863121310	0.3669890140
234	0.5828255260	0.3848379590	0.3639437780
235	0.5870199520	0.3866126880	0.3734362240
236	0.5845528610	0.3834204070	0.4275332880
237	0.6878358870	0.3853252690	0.3646569320
238	0.5843161060	0.3853445260	0.3877042400
239	0.5854305290	0.3900728190	0.3645275420
240	0.5905374940	0.3860974150	0.3678291140
241	0.6510527820	0.3849736550	0.3642815280
242	0.5871742840	0.3850674720	0.3818544340
243	0.5951708770	0.4922135450	0.4791477560
244	0.5952158420	0.3882374300	0.3642266430
245	0.5874176950	0.4402964690	0.3661439800
246	0.5857294790	0.3872119020	0.3676110960
247	0.5958043560	0.3847027920	0.3655537290
248	0.5886796350	0.4030179450	0.3686038120
249	0.5919350080	0.3849033670	0.3639383800
250	0.5899843050	0.3862616320	0.3651165670
251	0.6989491900	0.3842740300	0.3654645000
252	0.5872295850	0.4890684820	0.4891075250
253	0.5867776510	0.3842253060	0.3679450850
254	0.5859049120	0.5010715500	0.4670526490
255	0.5900772180	0.3867316130	0.3677284720
256	0.5881371430	0.3857236420	0.3675071300
257	0.5860641960	0.3863652960	0.3667688960
258	0.5849589720	0.3836356190	0.3661954630
259	0.5885156650	0.4919681290	0.4080014720
260	0.5880929260	0.3864190230	0.3671482180
261	0.5904706260	0.3908046760	0.3667560950
262	0.5880737230	0.3863149280	0.3645954200
263	0.5875568780	0.4933442980	0.4691903710
264	0.6910160460	0.3857729370	0.3648520430
265	0.5836147690	0.3855005690	0.3649848850
266	0.5869029800	0.3863622080	0.3690530910
267	0.5883237420	0.3844324550	0.3657038360
268	0.5897592070	0.3842907060	0.3813269340
269	0.5828644150	0.3849413330	0.3706471790
270	0.5870682460	0.3856339260	0.3649892850
271	0.5853651970	0.3844137270	0.3652219750
272	0.5867231620	0.3852763010	0.3844091940
273	0.5863879490	0.3862233770	0.3674684150
274	0.5895298800	0.3889588820	0.3826336310
275	0.7996808030	0.3925880060	0.4785199460
276	0.5890116470	0.3841122270	0.3657716750
277	0.5826602660	0.3868876600	0.3663925060
278	0.5891372540	0.3859510440	0.3687723290
279	0.5922757550	0.3861764790	0.3674123290
280	0.5878878550	0.3894238750	0.3665798900
281	0.5868503770	0.3852395450	0.4812285770
282	0.5951191300	0.3841748720	0.3669420090
283	0.5843055030	0.3846355490	0.4824979270
284	0.6716438010	0.3882504860	0.3672953690
285	0.5865943950	0.3874034870	0.3658215400
286	0.5885352660	0.3909490830	0.3662030280
287	0.6303920600	0.4956549860	0.3724105800
288	0.6955229760	0.4967541770	0.3808017500
289	0.5852259060	0.3837588830	0.3670440380
290	0.5872862670	0.4911713640	0.4816461600
291	0.5902452040	0.3963323290	0.3742936880
292	0.5931045610	0.3876439350	0.3668902950
293	0.5898030120	0.3928915930	0.3686411440
294	0.5876028010	0.3830558210	0.3698008410
295	0.5885949080	0.3859673720	0.3666892070
296	0.5870936020	0.3845922160	0.3681563610
297	0.5878841340	0.4963323260	0.3642408640
298	0.7035786120	0.3872901530	0.3683388220
299	0.5901904560	0.4028777350	0.3683124410
300	0.5852200700	0.3922949920	0.3705387910
301	0.5925361970	0.3848698010	0.3694736810
302	0.6954109510	0.3858880190	0.3664890110
303	0.5869099900	0.3853274280	0.3666589200
304	0.5870444690	0.3863753370	0.3668454530
305	0.5994118160	0.3866742570	0.3684136270
306	0.5870172710	0.4368745590	0.3660314340
307	0.5855337020	0.3830916670	0.3641756320
308	0.5837399830	0.3827687310	0.4135425280
309	0.5921036630	0.3869792240	0.3660206390
310	0.5899960010	0.3847424140	0.3662233210
311	0.5887816340	0.3848873150	0.3699769670
312	0.6057983690	0.3846372410	0.3689522670
313	0.5884435500	0.3876075710	0.3659535690
314	0.5904673570	0.3844367630	0.3654584680
315	0.5852871570	0.3869629540	0.3689068340
316	0.5863044570	0.3837014060	0.3665044270
317	0.5840597990	0.3828265790	0.3660771750
318	0.5894337350	0.3864251770	0.4554749800
319	0.5864920860	0.4950207030	0.3725773180
320	0.5964208260	0.3876670740	0.3704664340
321	0.6274606510	0.5020950350	0.3731342460
322	0.6907911570	0.4068452250	0.3736967240
323	0.5864710120	0.3849064870	0.3676340560
324	0.5885513450	0.4028566420	0.3643022520
325	0.5893265030	0.3867514160	0.3686807240
326	0.5876075560	0.3927553010	0.3660577040
327	0.5896053640	0.3864367120	0.3683541190
328	0.5841457730	0.3854335690	0.4124842040
329	0.5873076910	0.3857781720	0.3659420850
330	0.5872976990	0.3836654560	0.3662337150
331	0.5858070410	0.3836846330	0.3966558470
332	0.5877347010	0.6040502950	0.3669489660
333	0.5870615000	0.3858072150	0.3674173800
334	0.5868819630	0.3870820240	0.3652927310
335	0.6033042560	0.3839219440	0.3652589740
336	0.5845204940	0.3863361760	0.3687505340
337	0.5918144310	0.4660463830	0.3658631140
338	0.5865662580	0.3835029300	0.3669235500
339	0.5857058310	0.3845327020	0.3647485290
340	0.5850975840	0.4934106870	0.4216147140
341	0.6671214870	0.4852616720	0.4890003260
342	0.6356795720	0.3824059320	0.3763661340
343	0.5880059060	0.3841938100	0.3994901990
344	0.5896890280	0.3883857460	0.3685616110
345	0.5997504680	0.3887362360	0.3676204050
346	0.5861948750	0.3857751510	0.4155589980
347	0.6410833860	0.4981201190	0.3653692750
348	0.5961987600	0.3861437000	0.3670203480
349	0.5870204810	0.3871595260	0.3652548310
350	0.5878041000	0.4056187960	0.3642427460
351	0.5905117500	0.3865823400	0.3753635150
352	0.7027364040	0.4328541240	0.4183812740
353	0.6962603220	0.4474197170	0.3713382550
354	0.6373589460	0.4959878090	0.3700280520
355	0.5885190110	0.3845891470	0.3676753890
356	0.5886367220	0.3855659260	0.3669213490
357	0.5859141020	0.3913512920	0.3678720200
358	0.5884084990	0.3856955140	0.3710671150
359	0.5896360170	0.3893143080	0.3685479890
360	0.5896483760	0.3846400710	0.3662756240
361	0.5881103470	0.3857817050	0.3663722050
362	0.5852416910	0.3915246070	0.3648629720
363	0.5856614260	0.3841569640	0.4589120830
364	0.5904602140	0.3885046310	0.3683765260
365	0.5886551860	0.3884092390	0.3659711960
366	0.5891953590	0.3845291350	0.3672457260
367	0.5850008610	0.3875464170	0.3694794350
368	0.5911593180	0.3894250020	0.3885820040
369	0.5865099930	0.3854234760	0.3672344780
370	0.6172357690	0.3883570240	0.3669467080
371	0.5876000160	0.3910339670	0.3891557800
372	0.5868460070	0.5007944790	0.4823379950
373	0.6140789330	0.3848991690	0.3673238430
374	0.5848750310	0.3838227770	0.3656717660
375	0.5856149560	0.3894255640	0.3675727640
376	0.5858274520	0.3849018170	0.3660481780
377	0.5904247220	0.3852397630	0.3658394690
378	0.5879061950	0.3850648190	0.3713342080
379	0.6909531830	0.4975967190	0.3689734000
380	0.5854789030	0.3854120870	0.3661424000
381	0.5885646130	0.3867126150	0.3646958910
382	0.5847261980	0.3852524910	0.3659758540
383	0.5920713620	0.3842324330	0.3672959050
384	0.5849257440	0.4898171450	0.3665452970
385	0.5881961220	0.4984029920	0.4805361960
386	0.5869273360	0.3886772460	0.3843901390
387	0.5843834410	0.3850853600	0.3638636080
388	0.5839444850	0.3857159940	0.3667826530
389	0.5877314690	0.3876812370	0.3657390130
390	0.5864273610	0.3921192120	0.3645666480
391	0.5844468700	0.3849794770	0.3672562360
392	0.5838700450	0.3967573190	0.3644959750
393	0.5864290350	0.3844597140	0.3661222540
394	0.6088404150	0.3903969810	0.3694880530
395	0.5887350430	0.3872083650	0.3667183880
396	0.6957046520	0.4834287260	0.3696106870
397	0.5851669830	0.3891055740	0.3665416590
398	0.5889852990	0.3873075640	0.3668483730
399	0.5857697710	0.5001960160	0.4749157940
400	0.5882137560	0.3838276590	0.3643174900
401	0.6067330710	0.3837526790	0.3660964970
402	0.5836874620	0.3854547780	0.3652002330
403	0.5904015370	0.3857057590	0.3679249190
404	0.5857108850	0.3833522370	0.3656495650
405	0.5855438670	0.3842092600	0.3673630830
406	0.5855336510	0.3851617840	0.3675307030
407	0.5840698320	0.3833575840	0.3669605140
408	0.5831547600	0.3826533080	0.3858886510
409	0.8008231420	0.4921895790	0.3664999410
410	0.5925678840	0.3872518050	0.3657971890
411	0.6778338350	0.3844205490	0.3659758850
412	0.5863190560	0.3835452760	0.3643146760
413	0.5861204000	0.3857136710	0.3647401710
414	0.7012223430	0.3880112160	0.3669054440
415	0.5863325310	0.3849110580	0.3683310310
416	0.5860441790	0.3833712000	0.3666238390
417	0.6809289590	0.3989168000	0.3669774300
418	0.5898225160	0.3839527510	0.3655252210
419	0.5864677680	0.3839490230	0.3664743080
420	0.5885188860	0.4769870620	0.3664091360
421	0.6397594620	0.4916740460	0.3659411050
422	0.5850244170	0.4230123610	0.3712197480
423	0.5879809020	0.3868921250	0.4661958090
424	0.6046187800	0.4913221660	0.4752588420
425	0.5872488240	0.3855961460	0.4812967120
426	0.5918099050	0.3859410320	0.3941730230
427	0.6307612500	0.3853896460	0.3663525980
428	0.5865869350	0.3845286340	0.3679224330
429	0.5878406130	0.3879149340	0.3663153720
430	0.6112322760	0.3857592290	0.3652938000
431	0.5876369580	0.3871620730	0.3682239210
432	0.5883413160	0.3853244380	0.3659421580
433	0.5877481450	0.3858702980	0.3655171610
434	0.5900059710	0.3872105790	0.3680073200
435	0.5877748860	0.3867279700	0.3664434970
436	0.5859731670	0.3831014190	0.3686057850
437	0.5858522150	0.3937134070	0.3688321220
438	0.5938804040	0.3828960400	0.3664019380
439	0.5917325980	0.3859498740	0.3661004340
440	0.5893153020	0.3845143760	0.3690982440
441	0.5914578730	0.3856279640	0.3672642850
442	0.5871213180	0.3849139040	0.3654557890
443	0.5908389130	0.3862668820	0.3676942220
444	0.5870926440	0.3867005530	0.3692230380
445	0.6085237580	0.3849894030	0.4272053540
446	0.7261054330	0.4027404580	0.3666745770
447	0.5850221520	0.3843409120	0.3672155300
448	0.5866080060	0.3861304950	0.3668598130
449	0.6588309220	0.3877381460	0.3677306600
450	0.5912531250	0.3883657370	0.3756105200
451	0.5893149780	0.3823167120	0.3692314190
452	0.5852998020	0.3867048910	0.4320560410
453	0.6866230470	0.3881776780	0.3665479120
454	0.6512067670	0.3878024760	0.3694733780
455	0.6217128800	0.3871053460	0.3674678180
456	0.6515332370	0.4323835300	0.3696305470
457	0.5981826080	0.3862337150	0.3675234480
458	0.6717140130	0.4994342520	0.3651745380
459	0.5836947050	0.3839471460	0.3659143310
460	0.5848479670	0.3858839290	0.3712672410
461	0.7033708030	0.3936652820	0.3697975450
462	0.5928825260	0.3874065910	0.3659735090
463	0.5847378690	0.3839945210	0.3677544810
464	0.5894394740	0.3882881300	0.3700802610
465	0.5862513170	0.3878421300	0.3650028020
466	0.5856073350	0.4183537320	0.3663631510
467	0.5901345460	0.4023127630	0.3732561430
468	0.5892532120	0.3860377280	0.3675711200
469	0.5834690010	0.3839447040	0.3663188850
470	0.5861586600	0.3869764900	0.3643367110
471	0.5937326410	0.3886945860	0.3694020250
472	0.5866194350	0.3838604130	0.3650409160
473	0.5853762410	0.3883916580	0.3655477490
474	0.6081177330	0.3874549160	0.3667980840
475	0.5845834540	0.4430908690	0.4843537300
476	0.6840271160	0.3861643080	0.3667162090
477	0.5876019420	0.3851354270	0.3667334720
478	0.5851495770	0.3847348010	0.3669642600
479	0.5875070930	0.3872712230	0.3692788800
480	0.6846097160	0.3853521510	0.3699262440
481	0.5880946980	0.3869327390	0.3692839660
482	0.5847621060	0.3887416320	0.4185643240
483	0.7004802960	0.3849135950	0.3690406880
484	0.5857014160	0.4362176680	0.3645877610
485	0.5895363350	0.3899255110	0.3809669660
486	0.6687249030	0.3868508760	0.3681455270
487	0.5868971110	0.3863172160	0.3662439750
488	0.5872481750	0.3827115440	0.4734693260
489	0.5841705840	0.3839386750	0.3677391040
490	0.6018721900	0.3882476860	0.3761943990
491	0.6399330240	0.4979422170	0.3704902200
492	0.6916000960	0.4407999450	0.3679153800
493	0.5905400290	0.3864132990	0.3669964190
494	0.6529405060	0.3824505770	0.3669959550
495	0.5882346510	0.3868960790	0.3668854100
496	0.5878912210	0.3864151110	0.3677686370
497	0.6065243830	0.3865582330	0.3688520480
498	0.5892437870	0.3918827550	0.3858805950
499	0.6310840820	0.4908489110	0.3667418230
500	0.5840118410	0.3873128420	0.3687726180
501	0.5862956120	0.3855573060	0.3689693190
502	0.5857654700	0.3851790940	0.3667233990
503	0.5908525180	0.3855702660	0.3664969740
504	0.5878684030	0.3857218640	0.3647367900
505	0.5913786190	0.3832656590	0.3653324040
506	0.5885952560	0.3835108280	0.3661403070
507	0.5858900290	0.3839458740	0.3658836790
508	0.5871010470	0.3875283930	0.3645250180
509	0.5887115170	0.3844691510	0.3682677410
510	0.5875666710	0.5021663180	0.4752533340
511	0.5855597370	0.3838521120	0.3670593640
512	0.5847493730	0.3826313600	0.3640830880
513	0.5855144440	0.3849010320	0.3663786080
514	0.5869364410	0.3864665220	0.3680585850
515	0.6574900690	0.4948601150	0.3824835530
516	0.5849612370	0.4438693570	0.3665482740
517	0.5884550980	0.3845177390	0.4237168000
518	0.5866170550	0.3855907690	0.3672433990
519	0.5895639470	0.3844900850	0.3678759430
520	0.5858043140	0.3836615880	0.3690627150
521	0.5888780170	0.3849552990	0.4167499120
522	0.7690179160	0.5039006600	0.3660872090
523	0.6411208120	0.3846724500	0.3639696410
524	0.5840178020	0.3859783970	0.3655453140
525	0.5839746880	0.3851117680	0.3690476910
526	0.5880926080	0.3856311950	0.3663893040
527	0.5883151710	0.3860900010	0.3657551220
528	0.5911824770	0.3886793890	0.3684778570
529	0.5860522770	0.3842475690	0.3646294750
530	0.5886391290	0.3854506340	0.3651933890
531	0.5872397620	0.3840837270	0.3666950020
532	0.5914273150	0.3858770070	0.3668283340
533	0.5873162330	0.4715659450	0.3923646860
534	0.5898234860	0.3872827140	0.3653749520
535	0.6677753010	0.3859568970	0.3705767160
536	0.5871611780	0.3886783080	0.3672717300
537	0.5896349070	0.3852516930	0.3642058200
538	0.6829303330	0.3829268710	0.3669170130
539	0.5841615990	0.3864236550	0.3656035970
540	0.5875491210	0.3859833780	0.3654991920
541	0.5900438190	0.3833207020	0.3650809670
542	0.5855667270	0.4276247920	0.3676847510
543	0.5884802700	0.4887731990	0.3651591050
544	0.5831317460	0.3843866330	0.3663504270
545	0.5841856690	0.3852228120	0.3644063680
546	0.5827755180	0.4000915940	0.3647332630
547	0.5820058620	0.3827234430	0.3642962430
548	0.5851724230	0.3946810180	0.3706759500
549	0.5843421520	0.3824642540	0.3667400390
550	0.5858629530	0.3837149210	0.3643179160
551	0.5855731690	0.3828611940	0.4653283140
552	0.5889583730	0.3854680960	0.3704688640
553	0.5879713050	0.3865020550	0.3693139440
554	0.5873006620	0.3846842960	0.3678413120
555	0.5870398810	0.3848404030	0.3741789600
556	0.5850703840	0.3842322180	0.3672492410
557	0.5886146840	0.3852387710	0.3654360110
558	0.5863332510	0.3885304440	0.3686755150
559	0.5898603220	0.3918884310	0.3646960520
560	0.5849817960	0.3823031690	0.3658524550
561	0.5875563970	0.3855612520	0.3688170510
562	0.5937884020	0.3879504100	0.3655740720
563	0.5879666240	0.3856760210	0.3692799830
564	0.5859923710	0.3859900300	0.3651576200
565	0.5850071140	0.3886918770	0.4657902350
566	0.5826355870	0.4036989090	0.3692176800
567	0.5869795530	0.3852251960	0.3673140470
568	0.5863716590	0.3856826190	0.4188399490
569	0.6795538320	0.3850076840	0.3657281060
570	0.5842028530	0.3929948560	0.4123776700
571	0.5859511200	0.3846767950	0.3662114000
572	0.5843379320	0.3855821970	0.3676620600
573	0.5852145560	0.3855899330	0.3646629120
574	0.5890793230	0.3863024490	0.3678010940
575	0.5850200690	0.3844714320	0.3662692910
576	0.5896229840	0.3867685160	0.3657276310
577	0.5899884020	0.3832020420	0.3650737700
578	0.5866781230	0.3860376380	0.3703540210
579	0.5858658010	0.4923601070	0.3678826680
580	0.5879419280	0.4460100900	0.3682569900
581	0.5887836730	0.4009924380	0.3674779810
582	0.5859668940	0.3825181980	0.3650894780
583	0.5855959060	0.3846701500	0.3685441190
584	0.6012334210	0.3875436240	0.3677134670
585	0.5885968030	0.3855083370	0.3648136060
586	0.5895595320	0.3838804880	0.3670405760
587	0.5862074670	0.3875105840	0.4096182270
588	0.5878555870	0.3845416910	0.3658821630
589	0.5869338940	0.3834113610	0.3681012910
590	0.5830751590	0.3846426020	0.3648765700
591	0.5879128260	0.3834594740	0.3679744000
592	0.5867204560	0.3872250700	0.3678434380
593	0.5860533060	0.3836283630	0.3653060440
594	0.5877837180	0.3837279600	0.3649170410
595	0.5879296770	0.3859353610	0.3659575200
596	0.5875604040	0.3866195150	0.3663487340
597	0.5851698320	0.3837805200	0.4246040710
598	0.5882789130	0.3870725080	0.3689321730
599	0.5920130220	0.5031043920	0.4936759890
600	0.5875577710	0.3855616470	0.3669066450
601	0.5864015970	0.3884856600	0.3658577710
602	0.5921798800	0.3846714770	0.3658019100
603	0.5872159870	0.3869790250	0.3688941860
604	0.5922416370	0.3852998840	0.3801852880
605	0.5917200550	0.3877038640	0.3679600240
606	0.6362336710	0.4982086830	0.3700637330
607	0.6967323670	0.3840205570	0.3657779040
608	0.5865857460	0.3871163060	0.3650195230
609	0.5837467190	0.4981127160	0.4674453550
610	0.5844160680	0.3844136220	0.3658649140
611	0.5831274410	0.3852891400	0.3649642300
612	0.5838629350	0.3840119180	0.3663018210
613	0.5881536610	0.4288001920	0.4807509410
614	0.5871365770	0.3867068470	0.3660191830
615	0.5878144190	0.3868358940	0.3672285060
616	0.5830800190	0.3889168850	0.3667324540
617	0.5892268680	0.3853040120	0.3656567920
618	0.5884583830	0.3868865160	0.3662367600
619	0.5896617470	0.3867766180	0.3655341470
620	0.6099928140	0.3862515970	0.3665245610
621	0.5868425820	0.3843299310	0.3668060300
622	0.5878856650	0.3852581400	0.3696848240
623	0.5864504590	0.3859978500	0.3643632070
624	0.5907974740	0.3864115100	0.3669049750
625	0.5894433920	0.3851101530	0.3682782790
626	0.5855668950	0.4836949040	0.3656058150
627	0.6099005760	0.3828297830	0.3651718060
628	0.5855070440	0.3836116050	0.3649212740
629	0.5880708780	0.3863750510	0.3653654920
630	0.5851919620	0.3835050650	0.3648990020
631	0.5848455940	0.3872950790	0.3647368510
632	0.5875928350	0.3837173460	0.3648820630
633	0.5850116640	0.3942271460	0.3685565120
634	0.5859178520	0.4844756450	0.4308321160
635	0.6996460950	0.4295757740	0.4272553860
636	0.5865916950	0.3920223380	0.3665237340
637	0.6970015990	0.4152133410	0.3682184150
638	0.5887970370	0.3830862930	0.3832614850
639	0.5901482210	0.3866022370	0.3661205000
640	0.5942683190	0.3839365440	0.3652472750
641	0.5839113530	0.3846262110	0.4762870820
642	0.5894269050	0.4888962420	0.3649772750
643	0.5848501010	0.3855973200	0.3654002420
644	0.5841481150	0.3836729590	0.3835899010
645	0.5838725960	0.3852085300	0.3662274840
646	0.5875209310	0.3851396200	0.3660275520
647	0.5897925140	0.3877152090	0.3640891300
648	0.5823624110	0.3827742730	0.4634039870
649	0.5846332970	0.3836143170	0.3644294320
650	0.5831707460	0.3839011190	0.3689123040
651	0.5878605770	0.3863007460	0.3664291970
652	0.5870477400	0.3850721310	0.3679953090
653	0.5865018140	0.4701885380	0.3676655970
654	0.6148766330	0.3854219870	0.3688089810
655	0.5869736750	0.3832011730	0.3656461170
656	0.5864693030	0.4685416180	0.4777787280
657	0.5859125340	0.3853638260	0.3663664530
658	0.5853235910	0.4348794170	0.3674314780
659	0.6420108270	0.4975137050	0.3669721070
660	0.5877121240	0.3855438220	0.4746331280
661	0.5852062120	0.3844147340	0.3820357090
662	0.5864067440	0.3842720770	0.3680073770
663	0.5845066930	0.3833089520	0.3836221540
664	0.6454022870	0.3946857130	0.3672318560
665	0.5824579750	0.3858538090	0.3725192840
666	0.5864462180	0.3846541050	0.3689454050
667	0.5864340860	0.3854683770	0.3658319960
668	0.5855335240	0.3860772050	0.3647494870
669	0.6938378360	0.3948260800	0.3851619370
670	0.5939334200	0.3845793190	0.3640084450
671	0.5826409870	0.4003795670	0.3647835580
672	0.5861220000	0.3823913040	0.3645332620
673	0.6165391150	0.3869272420	0.3687853230
674	0.5877358230	0.3932525810	0.3662990720
675	0.5865747600	0.3857442260	0.3657108530
676	0.6130900860	0.3858705940	0.3661525430
677	0.5866760750	0.3871735830	0.3679238940
678	0.5871644120	0.3846132640	0.3636607080
679	0.5872915280	0.3850884660	0.3654413460
680	0.5884890010	0.3865436850	0.3690157220
681	0.5857771410	0.3839420440	0.3663930260
682	0.5862375090	0.3878400080	0.3664855220
683	0.5868522630	0.3845575910	0.3678237110
684	0.5890086250	0.3883259350	0.3688931170
685	0.5896526760	0.3869715290	0.3693808590
686	0.5907082910	0.3899685570	0.3685861510
687	0.6197015490	0.3855162760	0.3671470210
688	0.5881064530	0.3867026780	0.3641825850
689	0.5888579950	0.3993193130	0.3665592300
690	0.5856575170	0.3852551820	0.3662239070
691	0.5899297810	0.3847191750	0.3667608010
692	0.5887346350	0.4084912270	0.3663791600
693	0.5868617260	0.3845761910	0.3666491430
694	0.5856443110	0.3826801140	0.3655826310
695	0.5885087630	0.3877621950	0.3665951850
696	0.5869532280	0.3829403260	0.3724456040
697	0.5849499350	0.3839406770	0.3669557450
698	0.5875996790	0.3836167000	0.3674328090
699	0.5900754520	0.3875121420	0.3707946770
700	0.5922175760	0.3878251720	0.3666286070
701	0.5833371700	0.3842412450	0.3661501280
702	0.5875467370	0.3852646580	0.3671613380
703	0.5891208320	0.3847149600	0.3644246640
704	0.5855151370	0.3848814400	0.3673136650
705	0.6912506400	0.3857067780	0.3686941390
706	0.5855610050	0.3894358350	0.3689047030
707	0.6143493090	0.3856452000	0.3655075670
708	0.5879924570	0.3852928730	0.3903260160
709	0.5894301480	0.3851827070	0.3659362100
710	0.5938422730	0.3841213310	0.3660459380
711	0.5865287530	0.3845759760	0.3648086100
712	0.5863713680	0.3841856100	0.3644358650
713	0.5875481150	0.3849245080	0.3692953230
714	0.5947522010	0.3863781240	0.3682201810
715	0.5874538300	0.3829146630	0.3661399280
716	0.5845066680	0.3849558840	0.3636216070
717	0.5828209830	0.3875055000	0.3752115470
718	0.5916261720	0.3861333610	0.3693422560
719	0.5852166220	0.3871755880	0.3671569550
720	0.5857208800	0.3850707110	0.3685957070
721	0.5850841900	0.4184326030	0.3657767780
722	0.5855951330	0.3845268220	0.3689199070
723	0.5825940470	0.3856152710	0.3656324660
724	0.5883529690	0.3871701580	0.3668179630
725	0.5954588360	0.3842090040	0.3651298700
726	0.5870687590	0.3844207430	0.3678272540
727	0.5884238140	0.3835541940	0.3760419210
728	0.5865952180	0.3840553430	0.3711493660
729	0.6506230050	0.4960019190	0.3689449750
730	0.6050785980	0.3823181290	0.3644658850
731	0.5879887690	0.3850962750	0.3652130000
732	0.5856327710	0.3911067890	0.3681848360
733	0.5883814190	0.3851699130	0.3667476140
734	0.5885910660	0.3824929530	0.3686133720
735	0.5868376220	0.3860877650	0.3665564290
736	0.5929027100	0.3845571920	0.3662749440
737	0.5865870860	0.3851130680	0.3697062560
738	0.5917506250	0.3938872860	0.3659085530
739	0.5928415600	0.3856594130	0.3656075370
740	0.5929540590	0.3849723700	0.3677513960
741	0.5857088090	0.3853035430	0.3671543480
742	0.5866957100	0.3846211000	0.3661492360
743	0.5845731240	0.3843608780	0.3709272630
744	0.5875074890	0.4334898290	0.4820935910
745	0.6957238090	0.4424332310	0.3657524470
746	0.5876727800	0.3840916240	0.3684106440
747	0.5912962480	0.3923000950	0.3684974970
748	0.6896574160	0.3845775490	0.3667557750
749	0.5875688660	0.3852011200	0.3652652150
750	0.5839447560	0.3832125340	0.3670071600
751	0.5850657240	0.3832429720	0.3669153160
752	0.5856293920	0.3837975400	0.3640648480
753	0.5877176690	0.3837450290	0.3657683440
754	0.5880064780	0.3844974760	0.3686863160
755	0.6028812060	0.3836650280	0.3649702180
756	0.5825011140	0.3844441850	0.3827658230
757	0.5872020890	0.3838576970	0.3654493020
758	0.5842199470	0.3856113560	0.3651828530
759	0.5849462130	0.3832655890	0.3653294730
760	0.5851020000	0.3836760380	0.3653463130
761	0.5822815850	0.3839719270	0.3667592080
762	0.5853324990	0.3848564050	0.3658747570
763	0.5863707570	0.3834898490	0.3655330040
764	0.5903094790	0.3831441590	0.3665811110
765	0.5872277940	0.4030956290	0.3650417340
766	0.5875525930	0.3859411960	0.3674958670
767	0.6405549830	0.4383419890	0.3656406190
768	0.5871472520	0.3853746250	0.3700902970
769	0.5866376530	0.3855160860	0.3662664850
770	0.6130037300	0.3861860190	0.3684311980
771	0.5869285050	0.3838154820	0.3663453640
772	0.5860901550	0.3848860320	0.3641429770
773	0.5891860680	0.3835313810	0.3650662210
774	0.5849552830	0.3839592460	0.3672980450
775	0.5870853740	0.3870180500	0.3641969340
776	0.5877011810	0.3870429180	0.3644892800
777	0.5907083960	0.3843636690	0.3672066730
778	0.5862481460	0.3843264000	0.3663465980
779	0.6072528530	0.3857216050	0.3682342960
780	0.5884888000	0.3850058540	0.3687867790
781	0.5844946180	0.3836886570	0.3681664520
782	0.5853982370	0.3858830470	0.3663195750
783	0.5870737390	0.3841895510	0.3660202600
784	0.6369058570	0.4349220960	0.3659814390
785	0.6421612930	0.3860735220	0.3678813840
786	0.5869470400	0.3850651270	0.4804513150
787	0.6399563190	0.3869526370	0.3661503050
788	0.5905332940	0.3896583010	0.3646407620
789	0.5900002110	0.3838434000	0.3660066190
790	0.5855615230	0.3841081200	0.3659377020
791	0.5870076040	0.3854041830	0.3668500630
792	0.5848659730	0.3834425930	0.3663972730
793	0.6002019270	0.5016477340	0.4621582200
794	0.5865432480	0.3897805230	0.3671503310
795	0.5877744830	0.3850432770	0.3673346490
796	0.6002193990	0.3868202970	0.4867276300
797	0.6153600130	0.4947058970	0.3672944230
798	0.5838921720	0.3833013920	0.3654839450
799	0.5938363200	0.4884036690	0.3667992610
800	0.5842421820	0.3841980160	0.3727813010
801	0.5868395910	0.3832184940	0.3794320160
802	0.5869478740	0.3876988100	0.3651631210
803	0.5847992340	0.3842153320	0.3655033470
804	0.5868524630	0.3850814080	0.3663268340
805	0.5858039170	0.3869983820	0.3681042500
806	0.5873230470	0.3875684900	0.3666937670
807	0.5848842620	0.3833992800	0.3682444550
808	0.5861411810	0.3829313310	0.3681921500
809	0.5855014130	0.3863196700	0.3665381270
810	0.5904520130	0.3866961320	0.3654239790
811	0.5868853330	0.3828941910	0.3653862850
812	0.5865408320	0.4423068880	0.3700277930
813	0.5915971570	0.3851000500	0.3692860270
814	0.5854229630	0.3834687980	0.3649646500
815	0.5841442920	0.3847455190	0.3671090730
816	0.5855308740	0.3841402460	0.3653741310
817	0.5870414680	0.3914394000	0.3668291030
818	0.5869342850	0.3881140580	0.3663699430
819	0.5885247960	0.3849638830	0.4252855080
820	0.6860763960	0.4988557470	0.3686986250
821	0.6007498530	0.3835741370	0.3928646500
822	0.6427999270	0.3846343420	0.3670804990
823	0.5858087630	0.3828917970	0.3659673550
824	0.5866741380	0.3861244720	0.3659911350
825	0.5874898820	0.3879777390	0.3675515400
826	0.6884697450	0.3943901430	0.3697142090
827	0.5872812360	0.3862733350	0.3671496340
828	0.5848678680	0.3874208800	0.3753129350
829	0.5891356680	0.3872072770	0.3670543980
830	0.5862902040	0.4655714820	0.4739165780
831	0.5892548050	0.3879721520	0.3647529500
832	0.6521350350	0.3888704480	0.3653353340
833	0.5883658980	0.3864554500	0.3646961660
834	0.5871549400	0.3832169760	0.3652417260
835	0.6393207160	0.3885925630	0.3741520290
836	0.6441700610	0.3833202850	0.3640906360
837	0.5875965570	0.3850796080	0.4027556170
838	0.5887710860	0.3874538600	0.4382320140
839	0.5992313840	0.3844088710	0.3686730980
840	0.5871974600	0.3845575820	0.4181190440
841	0.5873461560	0.3851486670	0.3673718430
842	0.5865024270	0.3850837580	0.3659839390
843	0.5879996380	0.3863762210	0.3652395380
844	0.6005145790	0.4669482360	0.3898136050
845	0.5878561990	0.3847208870	0.3656049080
846	0.5886529370	0.3878866550	0.3638462410
847	0.5903261920	0.3837286320	0.3676140100
848	0.5849664060	0.4223491800	0.3651859910
849	0.6381130740	0.3854020720	0.3647886780
850	0.5995013010	0.3844427280	0.4280079710
851	0.5863060330	0.3838477690	0.3647556220
852	0.5843328420	0.3906140390	0.4026872260
853	0.6409036610	0.4317185670	0.4772717780
854	0.6854614670	0.5011544420	0.3668358750
855	0.5872032700	0.3842000370	0.3671315840
856	0.5854090620	0.3856449860	0.3648847670
857	0.6024054810	0.3879388960	0.3686686510
858	0.5890348070	0.3844019300	0.3722073240
859	0.5922779440	0.3963376510	0.3682557780
860	0.5896446980	0.3864624870	0.3659178480
861	0.5913952980	0.3851908210	0.3687094820
862	0.5906942020	0.3877169410	0.3666703410
863	0.5858636090	0.3857825440	0.3653300500
864	0.5868752860	0.3856902850	0.3705047830
865	0.5888527590	0.3840653170	0.3668400870
866	0.5855001540	0.3850744490	0.3683803360
867	0.5895761820	0.3863528120	0.3657770370
868	0.5880923400	0.3963701770	0.3654443440
869	0.5953321880	0.3840291350	0.3692219300
870	0.5839225250	0.3893835730	0.3673078300
871	0.5917698120	0.3852488630	0.3657616600
872	0.5896393360	0.3873570040	0.3670052900
873	0.5898818650	0.3868533180	0.3693693930
874	0.5869443790	0.3861520600	0.3676232280
875	0.5875371930	0.3851930190	0.3677703770
876	0.5888120550	0.3866610500	0.3674539830
877	0.5841065980	0.3854794910	0.3646900870
878	0.5893426100	0.3854783470	0.3670666800
879	0.5853003730	0.3886699570	0.3717402930
880	0.5894129520	0.3835669380	0.3690748070
881	0.5889426180	0.3849415840	0.3677460330
882	0.5901195030	0.3873351890	0.3689717350
883	0.5887493850	0.3861138930	0.3656305910
884	0.5860263230	0.3848575900	0.3653832070
885	0.5872407430	0.3860823300	0.3647269620
886	0.5991723950	0.3850046200	0.3670116380
887	0.5879798270	0.3869506250	0.3662056680
888	0.5850254050	0.3853074220	0.3663274380
889	0.5869973980	0.3855334360	0.4134347330
890	0.7083744580	0.4972327680	0.3738768090
891	0.5876794900	0.3818520290	0.3653251360
892	0.5882354990	0.3843605060	0.3695088100
893	0.5876209520	0.3826393950	0.3668552640
894	0.5883136780	0.3943189780	0.3661099490
895	0.6417792410	0.3843088480	0.3655058900
896	0.5881769000	0.3854110490	0.3661246720
897	0.5898497780	0.3863248210	0.3879475850
898	0.5895927640	0.3852141610	0.3658663870
899	0.5850166410	0.3851589520	0.3669824000
900	0.5894739120	0.3866104290	0.3691596060
901	0.6419036520	0.4711971820	0.3690518950
902	0.5868333540	0.3844363510	0.3639188550
903	0.5872500380	0.3862949640	0.3668111360
904	0.5861795510	0.3850362060	0.3637025490
905	0.5856064480	0.3857730780	0.3659238810
906	0.5846280680	0.3867917840	0.4726693520
907	0.5851121890	0.3834632910	0.3656088420
908	0.5833841420	0.3836062180	0.3657225630
909	0.5904256460	0.3876092640	0.3670064890
910	0.5866300100	0.3883622870	0.4199604770
911	0.6413632740	0.4927641010	0.3654461630
912	0.5840226240	0.3867535610	0.3691732020
913	0.5886506510	0.3842746040	0.3675714070
914	0.6227116810	0.4939767950	0.3683383750
915	0.5872805170	0.3852996950	0.4335074000
916	0.6427963030	0.3938243780	0.3652115450
917	0.5843011250	0.3867198910	0.3676095850
918	0.5951780040	0.3865189420	0.3669503470
919	0.5894464750	0.3829102430	0.3940912100
920	0.5936809750	0.3854955250	0.3671154360
921	0.5884404670	0.3839601300	0.3666587440
922	0.5920453740	0.3827946290	0.3681490500
923	0.5874083000	0.3866769880	0.3752485880
924	0.5855710120	0.3861024320	0.4777036030
925	0.5839524970	0.4991328090	0.4651013570
926	0.5902039480	0.3855009770	0.3689134310
927	0.5864723370	0.3877562380	0.3653965250
928	0.5866900210	0.3870252380	0.3660006340
929	0.5888843950	0.3836555250	0.4723011460
930	0.6862684600	0.4979005090	0.3717566180
931	0.5873835520	0.3834332530	0.3692678570
932	0.5878909510	0.3846798760	0.3658405240
933	0.5889233730	0.3876263290	0.3765681950
934	0.5883306000	0.3934236490	0.3640598470
935	0.6464437410	0.4955576800	0.3726979960
936	0.6982495240	0.4996397530	0.3948158930
937	0.5905715170	0.3849952560	0.3743971710
938	0.7423651120	0.4386242290	0.3662226870
939	0.5853632230	0.3839856880	0.3640473810
940	0.5878239630	0.3834443140	0.3684929770
941	0.5861975980	0.3857823570	0.3669879350
942	0.5864615330	0.3854782890	0.3668435680
943	0.5904320560	0.3853652670	0.3693665440
944	0.5858997570	0.3973963890	0.3832952230
945	0.6086101420	0.3888813380	0.3692940970
946	0.5851726170	0.4271621650	0.3674197590
947	0.5892654880	0.3853208470	0.3647454620
948	0.6960767490	0.3846720350	0.3654917540
949	0.5919596930	0.3891473940	0.3665261030
950	0.5858364050	0.3869474360	0.3691407980
951	0.5880848630	0.3839771250	0.3641937520
952	0.5900911510	0.3862111900	0.3748962070
953	0.5841910620	0.3843208280	0.3669464550
954	0.5889773430	0.3856216350	0.3672426070
955	0.5893467390	0.3844286950	0.3670648560
956	0.5851458220	0.3965695280	0.3663265110
957	0.5854293630	0.3856741530	0.4225382680
958	0.6990671460	0.3868215780	0.3715299200
959	0.6995062710	0.3849460730	0.4687991720
960	0.6282739860	0.4357427010	0.3674657220
961	0.6930000450	0.4426755510	0.3718835410
962	0.5885534070	0.3858892780	0.3663172820
963	0.5842334840	0.3872699930	0.3663141570
964	0.5868592200	0.3852618670	0.3668919790
965	0.5902216010	0.4918093970	0.3661666830
966	0.5913341960	0.3869791040	0.3678467750
967	0.5879469910	0.3854733790	0.3650489740
968	0.5874309360	0.3876488500	0.3678209470
969	0.5840095180	0.3849514920	0.3655175940
970	0.5830231260	0.3829638510	0.3648221490
971	0.5840985360	0.3843591180	0.4733523060
972	0.5885915040	0.3852450110	0.3651967710
973	0.5853583160	0.3834108050	0.4806444850
974	0.6208569340	0.3848268460	0.3667620650
975	0.6562357590	0.4303470940	0.4562015950
976	0.5866305200	0.3857198690	0.3661637040
977	0.5884511800	0.3833760040	0.3726027720
978	0.5850419840	0.3828630010	0.3659007060
979	0.5884525950	0.3832264710	0.3642636890
980	0.6631679310	0.3839442890	0.3651475780
981	0.5852677950	0.3855004880	0.3695902540
982	0.6329502470	0.4997596450	0.4134390660
983	0.5835099800	0.3927392340	0.3655680020
984	0.5874714860	0.3857298340	0.3712458150
985	0.5916714550	0.3901331110	0.3693180940
986	0.6942481710	0.3849126650	0.3668043030
987	0.5867320440	0.3867936700	0.3678907670
988	0.5861967970	0.3837792800	0.3659892390
989	0.5962606910	0.4782103190	0.3648142360
990	0.5849897370	0.3862427940	0.3658663810
991	0.6007758070	0.3876020890	0.3685376770
992	0.5859051080	0.3881085080	0.3647008540
993	0.5886529620	0.4908071840	0.3662615250
994	0.5870864090	0.3871453870	0.3647190790
995	0.5863390120	0.3876514530	0.4200420660
996	0.5960090390	0.3856489200	0.3657823930
997	0.5884423510	0.3864658050	0.4661288690
998	0.5856398810	0.3864546970	0.3647848250
999	0.5863264340	0.3844536940	0.3680189980
1000	0.5982353260	0.3880863450	0.3684100450
1001	0.5982960650	0.3863213240	0.3816577860
1002	0.5890108460	0.3852162020	0.3702119480
1003	0.5905846330	0.3863903880	0.3674856510
1004	0.5840278650	0.3842303260	0.3674846720
1005	0.5843511730	0.3876507910	0.3676394620
1006	0.5887787760	0.3829393330	0.3655118930
1007	0.5841374820	0.3845210820	0.3860969100
1008	0.5844715060	0.3843648100	0.3654927710
1009	0.5872762990	0.3849754170	0.3682782380
1010	0.5895167660	0.3868986960	0.3689021770
1011	0.5909892700	0.3845827690	0.3678980080
1012	0.5848973140	0.3861041280	0.3662532840
1013	0.5852639140	0.3843554770	0.3639633580
1014	0.5963801410	0.3846168740	0.4699950380
1015	0.5878206330	0.3848594160	0.3669824710
1016	0.5883470290	0.3833148050	0.3660688810
1017	0.5877570950	0.3847979100	0.3664126970
1018	0.5886516060	0.3849015750	0.3666447040
1019	0.5861065980	0.3844811770	0.3819522050
1020	0.5859424090	0.4231569420	0.4401081560
1021	0.6601751800	0.3865388610	0.3673438900
1022	0.5893700280	0.3892809940	0.3695081780
1023	0.6889112810	0.4986934870	0.3675389310
1024	0.6993531670	0.4977617910	0.3679505620
1025	0.5881117000	0.3859659800	0.3660546500
1026	0.5899266380	0.3851304210	0.3670536810
1027	0.5843748510	0.3847613790	0.3656519580
1028	0.6119763420	0.3874823980	0.3666488990
1029	0.5890036280	0.4419976440	0.3670319630
1030	0.5877830790	0.3867586170	0.3660730080
1031	0.6577123820	0.3853653340	0.3679624980
1032	0.5880756360	0.3858272020	0.3677160100
1033	0.5878787390	0.3889282360	0.3673058780
1034	0.5888348230	0.3868795210	0.3675181940
1035	0.5888660790	0.3872684700	0.3643819650
1036	0.5869397460	0.3878622260	0.3655408580
1037	0.5884470890	0.3873199240	0.3675848950
1038	0.5877508460	0.3836804270	0.3677513320
1039	0.5885353130	0.3855023750	0.3669146340
1040	0.5934582040	0.3846593000	0.3655495840
1041	0.5841211760	0.3845194310	0.3659799920
1042	0.5857427800	0.3856186760	0.3646268460
1043	0.5825643470	0.3831707920	0.3653327800
1044	0.5887284730	0.3837673080	0.3663059340
1045	0.6018303490	0.3855580590	0.3652867450
1046	0.5859656020	0.3833383580	0.3666252990
1047	0.5877164830	0.3872888890	0.3678398130
1048	0.5856959640	0.3837720530	0.3752470140
1049	0.6291371070	0.4989643470	0.3678330660
1050	0.5882756280	0.3880134890	0.3648185970
1051	0.5827133970	0.3878134040	0.3642557020
1052	0.5894959570	0.3845175520	0.3677499700
1053	0.5859339030	0.3886996380	0.4242251650
1054	0.5875205230	0.4445454500	0.3674205580
1055	0.5909980650	0.3868800340	0.3664094540
1056	0.5858055150	0.3827808320	0.3668055100
1057	0.5887997330	0.3866373140	0.3654130690
1058	0.5858194040	0.3895492680	0.3718665020
1059	0.6454383620	0.3855026520	0.3653314440
1060	0.5863427900	0.3848343890	0.3672150970
1061	0.5862569580	0.3836569090	0.3658214250
1062	0.6105538030	0.3885087080	0.3665574670
1063	0.5865502040	0.3831919280	0.3655915810
1064	0.5818278570	0.3854386060	0.3655340400
1065	0.5857872810	0.3850002300	0.3667547370
1066	0.5849675250	0.3828437450	0.3647735600
1067	0.5873997650	0.3842151370	0.3646779510
1068	0.5879129660	0.3856393760	0.3658176920
1069	0.5841906240	0.3845965690	0.3669429440
1070	0.5879267260	0.3864293120	0.3646688470
1071	0.5878269190	0.3855119780	0.3647819720
1072	0.5839007250	0.3834170170	0.3660842080
1073	0.5868714520	0.3829909180	0.3774328780
1074	0.5855362870	0.3839813670	0.3656849190
1075	0.5850054430	0.3848577980	0.3666845940
1076	0.5880836640	0.3861251730	0.3677149830
1077	0.5884524780	0.3843133250	0.3662563560
1078	0.6924731970	0.3887641850	0.3682728540
1079	0.5864822510	0.3854519280	0.3674386970
1080	0.5877342430	0.3840362980	0.3669787920
1081	0.5856841210	0.3856297690	0.3681175970
1082	0.5861406970	0.3848467950	0.3665656610
1083	0.5892752140	0.3837844940	0.3670850020
1084	0.5886151990	0.3824866500	0.3664539270
1085	0.5863831710	0.3852877920	0.3685081560
1086	0.6929096950	0.3848436430	0.3681243020
1087	0.5851562770	0.3859550010	0.3681397160
1088	0.5867359530	0.3859669920	0.3822051490
1089	0.5874123780	0.3844493640	0.3682959540
1090	0.5869557850	0.3869483710	0.3680952320
1091	0.5872599250	0.3844242890	0.3637162340
1092	0.5882504950	0.3848044650	0.3660098330
1093	0.5923673940	0.3854931800	0.3678862470
1094	0.5852835000	0.3854284770	0.3676484960
1095	0.5847949740	0.3832755580	0.3671401500
1096	0.5854030900	0.3840863790	0.3642220330
1097	0.5865755800	0.3929864910	0.3645539350
1098	0.5865410950	0.3860698060	0.3693496340
1099	0.5883755850	0.3861007480	0.3676032030
1100	0.5856199220	0.3872691020	0.3681957970
1101	0.5899412820	0.3885886840	0.3697195160
1102	0.5869295740	0.3837266280	0.3681980550
1103	0.5860582470	0.3847223020	0.3639659080
1104	0.5829212490	0.3853392010	0.3653446340
1105	0.5875446450	0.4944277300	0.3688203970
1106	0.5896608950	0.3840110930	0.3659009730
1107	0.5926763990	0.3870064750	0.3677327630
1108	0.6519148380	0.4997843760	0.3666631860
1109	0.5939432990	0.3846717180	0.3667695910
1110	0.6388655630	0.3874835920	0.3672992230
1111	0.5840337130	0.3876737600	0.3695961840
1112	0.5881371440	0.3837093680	0.3666185290
1113	0.5890707740	0.3878751280	0.3701206600
1114	0.5873944340	0.3876652100	0.3702248570
1115	0.5869113900	0.3840812760	0.3682675150
1116	0.5906492800	0.3831568620	0.3656378370
1117	0.5877296900	0.3840455220	0.3653990940
1118	0.6027357290	0.3865765930	0.3676601210
1119	0.5916056910	0.3833159670	0.3676636950
1120	0.5847689200	0.3849259930	0.3688677150
1121	0.5863961220	0.3833347300	0.4748418260
1122	0.6787374150	0.4223420890	0.3677728530
1123	0.5887824410	0.3859068340	0.3862619160
1124	0.5853887230	0.3861741190	0.3669328890
1125	0.5864163410	0.3868401150	0.3643049400
1126	0.5852974290	0.3944199150	0.3659069520
1127	0.6302148260	0.4922764210	0.4582655750
1128	0.6957845300	0.4931132190	0.3787783210
1129	0.5863516230	0.3850836890	0.4378656110
1130	0.6002049260	0.4926014690	0.4788896000
1131	0.5927892470	0.3852593800	0.3680508360
1132	0.6307539600	0.4780385530	0.4184628170
1133	0.5869184970	0.3834113200	0.3655555390
1134	0.5828272910	0.3849487860	0.3656517590
1135	0.5890346360	0.3850027530	0.3813664920
1136	0.6545428590	0.3843818650	0.3653875170
1137	0.5873049430	0.4395038700	0.3842344350
1138	0.5888459660	0.4838890970	0.4136229010
1139	0.6966126830	0.3866721560	0.3703824460
1140	0.5859848980	0.3863558400	0.3683564320
1141	0.5885757080	0.3837983700	0.3845145100
1142	0.6576160030	0.4395259950	0.3696505100
1143	0.5899356430	0.3870209010	0.3683210650
1144	0.5902295580	0.4940669800	0.4807005420
1145	0.5876885740	0.3876137320	0.3650779640
1146	0.6857963000	0.3884594250	0.3643071050
1147	0.6253083930	0.3833327380	0.3641141930
1148	0.5889091440	0.4009436300	0.3663715400
1149	0.5829059370	0.3874098660	0.3663188820
1150	0.5888894880	0.3827684060	0.3660436470
1151	0.6047284340	0.3871943830	0.4196336760
1152	0.6927627400	0.3930675310	0.3685706450
1153	0.5868225770	0.3855597410	0.3680060910
1154	0.5882203780	0.4341918750	0.3699515550
1155	0.5880309160	0.3874853100	0.3722614560
1156	0.5915039570	0.3856167130	0.3680962140
1157	0.5880822460	0.3855684220	0.3732758190
1158	0.5886101070	0.3863919560	0.3672629780
1159	0.5865885900	0.3842417330	0.3653245830
1160	0.5859887440	0.3862395640	0.3680810730
1161	0.5902389290	0.3838170270	0.3636931370
1162	0.5846347690	0.4983036280	0.4209611430
1163	0.7026344530	0.3855371880	0.3694261650
1164	0.5876964120	0.3839898930	0.3688269700
1165	0.5890279130	0.3832805590	0.3683175430
1166	0.5884281680	0.3868701340	0.3677661390
1167	0.5895559000	0.4984668120	0.4690296090
1168	0.6370626970	0.3933921480	0.3660636990
1169	0.5900380570	0.3856959550	0.3638320270
1170	0.5859459570	0.3831297860	0.3679602210
1171	0.5904930270	0.3859311210	0.3681106970
1172	0.5950698810	0.3843153830	0.3664763420
1173	0.5901756930	0.3833881340	0.3673852090
1174	0.5846258720	0.3845751560	0.3680242010
1175	0.5877961100	0.3868332690	0.3739516070
1176	0.5832299550	0.3855990380	0.3658585290
1177	0.5867057640	0.3833161720	0.3668201170
1178	0.5877359420	0.3873257490	0.3655563520
1179	0.5854694750	0.4969010710	0.4139056770
1180	0.5845987740	0.3838480430	0.3667635920
1181	0.5876185570	0.3868470270	0.3665615090
1182	0.5825308930	0.3940794520	0.3672518720
1183	0.5891367560	0.3840805450	0.3648817470
1184	0.7013680380	0.4386799930	0.3648207520
1185	0.5869617650	0.3885441980	0.4739311870
1186	0.5877570860	0.3852731240	0.3676464230
1187	0.5871957990	0.3851518540	0.3670757500
1188	0.5891355610	0.3846388990	0.3719539370
1189	0.6342428640	0.3863102380	0.3668477330
1190	0.5860460910	0.3859114730	0.3648801720
1191	0.5875915790	0.3848081200	0.3659988400
1192	0.5879520140	0.3925965280	0.3648911290
1193	0.5845083140	0.3826511910	0.3658809590
1194	0.5840814500	0.4915989980	0.3639431480
1195	0.5858969880	0.3836785200	0.3682119260
1196	0.5844531980	0.4971678580	0.3669841030
1197	0.6413443780	0.4956679880	0.3682133600
1198	0.5861625860	0.3867112960	0.3664710510
1199	0.5865868410	0.3867501430	0.3673317290
1200	0.5894391500	0.3878894090	0.3688222440
1201	0.5941305280	0.3860965300	0.3661912170
1202	0.5850851920	0.3839411480	0.3820588790
1203	0.6423723810	0.4979743280	0.3678074730
1204	0.5878225290	0.3840143520	0.3650508760
1205	0.5894531520	0.3977105280	0.3696839490
1206	0.5882190060	0.3870793320	0.3686626860
1207	0.5882262570	0.3849238420	0.3664527620
1208	0.5864232580	0.3857294250	0.3722237860
1209	0.5925849190	0.3867181540	0.3884411680
1210	0.7109358380	0.4965339230	0.3655515330
1211	0.5864303030	0.3853651690	0.3682595920
1212	0.5870080980	0.3841077340	0.3674460460
1213	0.5842755410	0.3843401930	0.3665002210
1214	0.6040353210	0.3831139570	0.3901860480
1215	0.5892156210	0.3939548650	0.3669400500
1216	0.5871621260	0.3875769530	0.3656832520
1217	0.5858784560	0.3836680520	0.4243594070
1218	0.5887944390	0.3867113390	0.3680138070
1219	0.5854000560	0.3857561650	0.3688489270
1220	0.6238506920	0.3860203190	0.3672599880
1221	0.5879023910	0.4636278010	0.3679695400
1222	0.5882367950	0.3861919850	0.3950159340
1223	0.5877215140	0.3865904470	0.3661169370
1224	0.5916410560	0.3864725140	0.3687252870
1225	0.6016468970	0.3857064740	0.3676075950
1226	0.5888118680	0.3838477920	0.3649032880
1227	0.5862235090	0.3827371090	0.3642080760
1228	0.5891197700	0.3838934700	0.3634672430
1229	0.5825887440	0.3831769680	0.3650021240
1230	0.5837619340	0.3826028200	0.3691509300
1231	0.5896025460	0.3843269050	0.3665080500
1232	0.5875777750	0.3843095110	0.3666486400
1233	0.5891414570	0.3836342630	0.3674137860
1234	0.5849965530	0.4290618680	0.3683021740
1235	0.5886288100	0.3866384590	0.3643822660
1236	0.5921651920	0.3843709680	0.3690401210
1237	0.6919749140	0.3869219040	0.3640714140
1238	0.5904770690	0.3856715840	0.3684840960
1239	0.5882930180	0.3833286300	0.4111716420
1240	0.6957700010	0.4854238070	0.3657979050
1241	0.6027899790	0.3828968890	0.3732561140
1242	0.6302836210	0.3842544890	0.3703779710
1243	0.5911678440	0.3883106150	0.3679229880
1244	0.5926406120	0.3861198670	0.3690964170
1245	0.6043241730	0.3875758710	0.3664705020
1246	0.5874034350	0.3833666910	0.3660953410
1247	0.5862067600	0.3874693860	0.3659112370
1248	0.5886533650	0.3866948370	0.3659603030
1249	0.5878313100	0.3845690410	0.3668884090
1250	0.5861629200	0.3830478010	0.3657693510
1251	0.5863825270	0.3863344990	0.3723132520
1252	0.6290019550	0.3895770100	0.3689468740
1253	0.5903098800	0.3886980800	0.3684650190
1254	0.5909571500	0.3856021550	0.3694351090
1255	0.5881483040	0.3870553960	0.3672651480
1256	0.5889107980	0.3848681620	0.4513228140
1257	0.5882731740	0.3838890830	0.3648773380
1258	0.5864952880	0.3844363770	0.3657834020
1259	0.5859501050	0.3905047010	0.3688019510
1260	0.5872368760	0.3862892570	0.3701380080
1261	0.5860418580	0.4365504780	0.4908820560
1262	0.6053991510	0.3836406700	0.3660472380
1263	0.5865239730	0.3867867970	0.3661099250
1264	0.5851180890	0.3848098700	0.3652300260
1265	0.5848583750	0.3893498250	0.3706893720
1266	0.5892972750	0.3867504220	0.3677501130
1267	0.5897417240	0.3843662840	0.3658280110
1268	0.5869529610	0.3854105270	0.3671890000
1269	0.5884223170	0.3840925140	0.3659803630
1270	0.6311542610	0.3859575490	0.3647343350
1271	0.5862819860	0.4414973640	0.3661675270
1272	0.5855372450	0.3879976430	0.3662620090
1273	0.5856758730	0.4390490470	0.4795006100
1274	0.5849518370	0.3833719970	0.3659501720
1275	0.5883270000	0.4929854750	0.4704019570
1276	0.5836293280	0.3830664180	0.3668989840
1277	0.5852901180	0.3825127200	0.3658010390
1278	0.5884626200	0.3879663650	0.3668908230
1279	0.5873086000	0.3863096630	0.3682224050
1280	0.5895084460	0.3845016020	0.3645300830
1281	0.5869096330	0.3839822540	0.3689916830
1282	0.5941630240	0.3861723890	0.3690495260
1283	0.5902953060	0.3861861380	0.3693489640
1284	0.6355341270	0.3868531190	0.3647844770
1285	0.5839347700	0.3840869120	0.3804067580
1286	0.5874237350	0.3872924570	0.3651031150
1287	0.5858465140	0.3845975000	0.3666277760
1288	0.5839036490	0.3866384430	0.3693483810
1289	0.6221306880	0.4897456710	0.3757578300
1290	0.5855684960	0.3835420720	0.3663349340
1291	0.6609061540	0.3873494180	0.4806962710
1292	0.6870950040	0.4884446820	0.3653668170
1293	0.5884780050	0.4925700410	0.3665566550
1294	0.5871970550	0.3864477160	0.3680280860
1295	0.5893252220	0.3835015490	0.3674151170
1296	0.5976271490	0.3848922980	0.3676690120
1297	0.5878372800	0.3848981490	0.3662080310
1298	0.5832443060	0.3848788520	0.3661530340
1299	0.5863415160	0.3838024600	0.3655646820
1300	0.5859574450	0.3879340350	0.4191300920
1301	0.5894222340	0.3913141680	0.3677036190
1302	0.5852986140	0.3858269770	0.3754752000
1303	0.6395758600	0.3837110070	0.3650226930
1304	0.5845232090	0.3849417320	0.3647793030
1305	0.5831067190	0.3856298530	0.3642336400
1306	0.5842421600	0.3833508610	0.3653531080
1307	0.5830037040	0.3836864650	0.3653488590
1308	0.5862727600	0.3836090940	0.3646631090
1309	0.5844181840	0.3843354870	0.3646164250
1310	0.5848829030	0.3826376410	0.3639682540
1311	0.5835620850	0.4928511340	0.3648335850
1312	0.5843272250	0.3825162600	0.4190407830
1313	0.6874464060	0.3852974000	0.3658442940
1314	0.5843630390	0.3853361530	0.3645677060
1315	0.6019079930	0.3842440780	0.3681171510
1316	0.5889272320	0.3852939530	0.3641674930
1317	0.5848595220	0.4690684440	0.3707271220
1318	0.6489199470	0.4947562040	0.3705339050
1319	0.5870370140	0.3876994510	0.4791547880
1320	0.6398460760	0.3855346630	0.3667108800
1321	0.5871736840	0.3854526120	0.3657000690
1322	0.5884927600	0.3846343400	0.3697609690
1323	0.5866918410	0.4942462510	0.3662617580
1324	0.5876792930	0.3839428170	0.3676123800
1325	0.5888865350	0.3849383750	0.3664103430
1326	0.6926490100	0.5005292490	0.3668098810
1327	0.5894593850	0.3846598130	0.3938502360
1328	0.5847482430	0.3844301760	0.3688330680
1329	0.5857948260	0.3954382070	0.3660877260
1330	0.5904727020	0.3833069860	0.3673954450
1331	0.5846732600	0.3840835820	0.3823913120
1332	0.5871028030	0.3868795310	0.3677337120
1333	0.5946080300	0.3866027030	0.4767030360
1334	0.6428922930	0.4943300810	0.4825006680
1335	0.5858913650	0.3859375860	0.3682585990
1336	0.5960208740	0.3897063300	0.3673951690
1337	0.6333717320	0.4950180800	0.3670918450
1338	0.5862881360	0.3848475050	0.3659011140
1339	0.5833314200	0.3834519260	0.3678652470
1340	0.5862226090	0.3881996470	0.3675593740
1341	0.5889255040	0.4924564370	0.3657953230
1342	0.5827762530	0.3844163310	0.3665410350
1343	0.5907799070	0.3848039360	0.3700120300
1344	0.6467234880	0.4927472020	0.3710990740
1345	0.5977143620	0.3987156000	0.3857570830
1346	0.6403090840	0.3844631510	0.3667487330
1347	0.5887238050	0.3877831270	0.3682936470
1348	0.5873875790	0.3850927830	0.3673810070
1349	0.5899593760	0.3873203770	0.3664283390
1350	0.5861728750	0.3866234600	0.3665795330
1351	0.5902439970	0.3870803450	0.3652970700
1352	0.5844375480	0.3828239860	0.3660244480
1353	0.5874562350	0.3852866900	0.4294055110
1354	0.7011010970	0.3854782980	0.3679461150
1355	0.6139241060	0.3859151290	0.3655918050
1356	0.5858148260	0.3833311420	0.3698092360
1357	0.5861559320	0.3843339350	0.3689282180
1358	0.5898764930	0.3854896770	0.3654992560
1359	0.5865278660	0.3852857170	0.3676011350
1360	0.5851067250	0.3836323000	0.3641294390
1361	0.5869350120	0.3896463970	0.3655354390
1362	0.5837579400	0.3881087150	0.4021449520
1363	0.5959969840	0.4857225340	0.3691086170
1364	0.6273216430	0.4879282980	0.3642021380
1365	0.5842108090	0.3849124320	0.3640740310
1366	0.5838221040	0.3869204050	0.3642644210
1367	0.5898394760	0.3835526970	0.3681078200
1368	0.5862751910	0.3867667670	0.3679698760
1369	0.6010757560	0.3841669040	0.3692200400
1370	0.5928104010	0.3868971020	0.3674328970
1371	0.5896092510	0.3884434430	0.3648591920
1372	0.5846891560	0.3882622190	0.3644958450
1373	0.5845639680	0.3843898910	0.3660902830
1374	0.5829046020	0.3842772300	0.3642133240
1375	0.5842603690	0.3844302580	0.3667861550
1376	0.5879808360	0.3856249350	0.3664728990
1377	0.5877991740	0.3890528390	0.3657196570
1378	0.5875203530	0.4411577690	0.3656574200
1379	0.6909381220	0.4973683390	0.3670992690
1380	0.5867150870	0.3858428960	0.3666496500
1381	0.5866058990	0.3864025460	0.3684490290
1382	0.6087945810	0.3848771400	0.3667873800
1383	0.5845337050	0.3893790910	0.3662477070
1384	0.6985145940	0.3915497390	0.4143195630
1385	0.5849840490	0.4953475510	0.3659159080
1386	0.5864270630	0.3839721780	0.3642697380
1387	0.5879261260	0.3852444150	0.3667914870
1388	0.5978207630	0.3849835720	0.3659089460
1389	0.6219982680	0.3821451710	0.3684650310
1390	0.5867865400	0.4299540790	0.4778886620
1391	0.7006248850	0.5005633540	0.3669346410
1392	0.6553266360	0.3871762410	0.3662716170
1393	0.7023289560	0.4346592690	0.3670423090
1394	0.5844770000	0.3865575670	0.3729842720
1395	0.5930086580	0.3897637560	0.3732196270
1396	0.5983239840	0.3900987890	0.3692232180
1397	0.5943159180	0.3869796980	0.3678140890
1398	0.5895655480	0.3882955610	0.3703859360
1399	0.5859712830	0.3826887890	0.3642376530
1400	0.5858235260	0.3847063340	0.3660369800
1401	0.7007824480	0.4951408400	0.3663413380
1402	0.5876170210	0.3865582740	0.3664742210
1403	0.5867692480	0.3833214680	0.4266619710
1404	0.6960440310	0.3869361970	0.3642438390
1405	0.5845454460	0.3830883420	0.3649203640
1406	0.5880971960	0.3841548910	0.3684291340
1407	0.5877716440	0.4830656430	0.3669830790
1408	0.5834052570	0.3830837160	0.3683559760
1409	0.5853932780	0.4129305320	0.3653004610
1410	0.5892765560	0.3861278790	0.3669606410
1411	0.5893654620	0.3896778720	0.3661231160
1412	0.5909592890	0.3859449020	0.3685022770
1413	0.5882204760	0.3851011910	0.3684506050
1414	0.5876773640	0.3852924850	0.3660002140
1415	0.6391556020	0.4384264970	0.4784691100
1416	0.6271955920	0.3868261200	0.3683783810
1417	0.5879332160	0.4942585340	0.4045580780
1418	0.5854275410	0.4532145000	0.3649368470
1419	0.5858838890	0.3822965310	0.3657168060
1420	0.5877906910	0.3858000500	0.3680234280
1421	0.5857896810	0.3834280680	0.3653795810
1422	0.5861771460	0.3841933290	0.3692227880
1423	0.5862486980	0.3885262900	0.3658284510
1424	0.6005004040	0.3831239030	0.3645432290
1425	0.5888596880	0.3865840830	0.3662008990
1426	0.5887257680	0.3837591100	0.3695812080
1427	0.5845101550	0.4921933440	0.3702830500
1428	0.5852781720	0.3837472490	0.4730888480
1429	0.6361633320	0.3838645970	0.3649893200
1430	0.5840950690	0.3852285090	0.3664998740
1431	0.5830151460	0.3839881870	0.3662886070
1432	0.5881713340	0.3843118420	0.3656652210
1433	0.5877193030	0.3845366540	0.3664878630
1434	0.5867990160	0.3877743180	0.3677253350
1435	0.5876515570	0.3860312780	0.3700882380
1436	0.5868782710	0.3856025460	0.3665170400
1437	0.5889183400	0.4135926380	0.4803509540
1438	0.6910524450	0.4835861080	0.3671668800
1439	0.5860305110	0.3838749160	0.3657018800
1440	0.5873758400	0.3848816190	0.3843804690
1441	0.5853933640	0.3855931310	0.3717258450
1442	0.5863867440	0.3900547710	0.3716791150
1443	0.5869154350	0.3828956320	0.3675830760
1444	0.5849881740	0.3839020770	0.3670425810
1445	0.5859255290	0.4021026400	0.3637621110
1446	0.5866351460	0.3859920500	0.3685697210
1447	0.5886419210	0.3840760580	0.3668849660
1448	0.5878943500	0.3874092840	0.3639401260
1449	0.5863255500	0.3876564920	0.3699563360
1450	0.5911724360	0.3856073610	0.3650080010
1451	0.5883466840	0.3838401320	0.3684227360
1452	0.5847868470	0.4659796430	0.3656156460
1453	0.5885119850	0.3869084020	0.3706671470
1454	0.5897631760	0.3875242700	0.3672513910
1455	0.5855163530	0.3878879460	0.3693486800
1456	0.5881291810	0.3841843630	0.3678169940
1457	0.5892579670	0.3859485180	0.3662800880
1458	0.5887083090	0.3849294400	0.3665391810
1459	0.5891488200	0.3853155560	0.3690870510
1460	0.5858159280	0.3834626570	0.3667559770
1461	0.5883152420	0.3856369190	0.4734027530
1462	0.6962440350	0.3838829270	0.3661887060
1463	0.5902856780	0.3848588280	0.3652849830
1464	0.5908117430	0.3865590760	0.4019638400
1465	0.5905784400	0.3892793310	0.3690847390
1466	0.5870248900	0.3864289830	0.3650290810
1467	0.5821578670	0.3848368760	0.3648462180
1468	0.5866366910	0.3877730330	0.3661089180
1469	0.5906920330	0.3867417030	0.3680490690
1470	0.5860542000	0.3863674090	0.3656432250
1471	0.5877390870	0.3861184330	0.3667472600
1472	0.5893409680	0.3853458970	0.3760746260
1473	0.5888261640	0.3891692960	0.3687069240
1474	0.6015945600	0.3852675280	0.3660866180
1475	0.5850232040	0.3828311350	0.3694486450
1476	0.5890787990	0.3855732930	0.3661309120
1477	0.5876835910	0.3837904460	0.3654728650
1478	0.5871613170	0.3835357350	0.3674424560
1479	0.6312269540	0.3845034400	0.3637516160
1480	0.5879777080	0.3881670050	0.4289464180
1481	0.6948443980	0.4993736800	0.3697951110
1482	0.6344444250	0.3898944150	0.3685207250
1483	0.6867462990	0.4528122360	0.3658272810
1484	0.6437319750	0.4979073490	0.3670217450
1485	0.5856317270	0.3850781810	0.3690086700
1486	0.5884399180	0.3909273410	0.3658891420
1487	0.5851304170	0.4967224530	0.3683760480
1488	0.5851483520	0.4007606640	0.3656489200
1489	0.5886089860	0.4898167110	0.4806933400
1490	0.6825158930	0.5131052680	0.3824686520
1491	0.5892756530	0.3889082910	0.3693492160
1492	0.5958086260	0.3859096240	0.3702467500
1493	0.5937957400	0.3873729370	0.3658749120
1494	0.5842028160	0.4914077020	0.3636834740
1495	0.6420797420	0.3894048690	0.3685522880
1496	0.5898239470	0.3861258330	0.3684264330
1497	0.5862192480	0.3864836630	0.3684213640
1498	0.5854987710	0.3845294810	0.3670413940
1499	0.5877331910	0.3874480000	0.3647264200
1500	0.5886649710	0.3875497750	0.3674469850
1501	0.5864347730	0.3836897000	0.3663366670
1502	0.5852741790	0.3841916020	0.3665064710
1503	0.5886096490	0.3848478320	0.3680050620
1504	0.5849974930	0.3867542820	0.3659410830
1505	0.5891012920	0.4989834820	0.4659247790
1506	0.5876680760	0.3852776240	0.3639959690
1507	0.5874712020	0.3878609290	0.3672758300
1508	0.5845672580	0.3839067430	0.3685228360
1509	0.6478216630	0.3987178050	0.3650240340
1510	0.6480466770	0.5015641360	0.3679811280
1511	0.6942274350	0.3882517640	0.3666474170
1512	0.6091698110	0.5007880490	0.4778565230
1513	0.5901726040	0.4851353000	0.3689131570
1514	0.5898855130	0.3991402230	0.3703062450
1515	0.5893991590	0.3866749880	0.3675976420
1516	0.5936895660	0.3848719180	0.3670516020
1517	0.5841612580	0.3865002720	0.3683463620
1518	0.5909678880	0.4130192750	0.3668934020
1519	0.6062369590	0.3865859500	0.3675925340
1520	0.6393556350	0.4950568740	0.3656364260
1521	0.5847114080	0.3836965080	0.3644280450
1522	0.5837873870	0.3920105430	0.3651212840
1523	0.5857970800	0.3861372410	0.3698227170
1524	0.5868108530	0.3847096980	0.3650836630
1525	0.6096858800	0.3841526600	0.3646862090
1526	0.5931559020	0.3859095230	0.4747626590
1527	0.5872592950	0.3855095390	0.3689136720
1528	0.5849616530	0.3834753590	0.4139109220
1529	0.5874107280	0.3872256870	0.3711146820
1530	0.5904036490	0.4954516260	0.4172516140
1531	0.7014579520	0.3866353260	0.3658073380
1532	0.5895113190	0.3860794100	0.3704634280
1533	0.5905420430	0.3870832020	0.3660617130
1534	0.6390815700	0.3842977590	0.3689702220
1535	0.6812585240	0.3862125410	0.3658709570
1536	0.5895809190	0.3880938630	0.3718417630
1537	0.6076529110	0.3847913960	0.3679858020
1538	0.5894002470	0.3875752610	0.3661767940
1539	0.5875356160	0.3826467470	0.3660920290
1540	0.5857058430	0.5089132100	0.4439321220
1541	0.6964481120	0.3860134910	0.3654972580
1542	0.5857447420	0.3867366230	0.3653052720
1543	0.5862732420	0.3861116320	0.3656951750
1544	0.5942800660	0.3872547560	0.3652209670
1545	0.6845839630	0.3874364600	0.3649710250
1546	0.5839064510	0.3852720150	0.3657230330
1547	0.5886697860	0.3828076120	0.3668717650
1548	0.5923972800	0.3884279400	0.3691144960
1549	0.5865629060	0.3864902940	0.3686694530
1550	0.5880872620	0.3825946610	0.3652655480
1551	0.5862543430	0.3999533330	0.3665470830
1552	0.5877900750	0.3853365660	0.3661938830
1553	0.6863237740	0.3851825070	0.3660060630
1554	0.5884546760	0.3840307310	0.3650134060
1555	0.5854907650	0.3860120480	0.3661226000
1556	0.5863284330	0.3875354300	0.3647276040
1557	0.5895519480	0.3846573550	0.3661250360
1558	0.5888646950	0.4286800110	0.4042119900
1559	0.5885352660	0.3869028020	0.3679837490
1560	0.5848242980	0.3847379130	0.4737636930
1561	0.5896867520	0.4382983010	0.3664232720
1562	0.5851186990	0.3845720630	0.3659323980
1563	0.5935232060	0.3843341230	0.3673773700
1564	0.5894289280	0.5058379050	0.4706022990
1565	0.5839521550	0.4001056930	0.3789010730
1566	0.5877083920	0.4265368200	0.3700147510
1567	0.5899177220	0.3862986840	0.3689593950
1568	0.5885147650	0.3842004430	0.3674552400
1569	0.6959539330	0.3850819400	0.3728985830
1570	0.5872580220	0.3853521660	0.3655408240
1571	0.5888200670	0.4000705340	0.3706719820
1572	0.5902695860	0.3853599470	0.3651548820
1573	0.6157744770	0.3914680520	0.3671366710
1574	0.5838908040	0.3823650660	0.3651120890
1575	0.5838860980	0.3834210860	0.3692226110
1576	0.5964289930	0.3827885750	0.3639125820
1577	0.5924998180	0.3880126780	0.3711164050
1578	0.5888929130	0.3877344640	0.3692314690
1579	0.5846062850	0.3823192900	0.3672377050
1580	0.5880654970	0.3873174520	0.4895412580
1581	0.6481065260	0.4967244770	0.3713959430
1582	0.6406386400	0.4969675670	0.3699560770
1583	0.6599734180	0.4973545240	0.3670925880
1584	0.5967940780	0.3849145010	0.3657102200
1585	0.5928496230	0.3843189520	0.3652579250
1586	0.5854104220	0.3842539950	0.3655474320
1587	0.5881573170	0.3828036340	0.3741688620
1588	0.5908592490	0.3845035170	0.3672271760
1589	0.5870765100	0.3882823620	0.3664541620
1590	0.5869078410	0.3854263370	0.3692318260
1591	0.6144860730	0.3862239390	0.3725488800
1592	0.5875463260	0.3838906460	0.3661043680
1593	0.5860710560	0.3871801730	0.3693102260
1594	0.5887262680	0.3861357740	0.3656320740
1595	0.5874704060	0.4041675580	0.3669685470
1596	0.5851778050	0.3834417450	0.3658663750
1597	0.5835347000	0.3834362240	0.3667726860
1598	0.6930689550	0.5035237170	0.4757317480
1599	0.6457522810	0.4928190790	0.3643732090
1600	0.5831890150	0.3850175090	0.3653801170
1601	0.5864891320	0.3840281070	0.3649406030
1602	0.5868686930	0.3859750120	0.3737011230
1603	0.6967086150	0.4871134680	0.3667039380
1604	0.5831593790	0.3847757140	0.3661513020
1605	0.6192267200	0.4965855680	0.3655948890
1606	0.6305324130	0.4390842570	0.3650101290
1607	0.6861155040	0.3833133510	0.4763625720
1608	0.5856210800	0.3842921790	0.3667381350
1609	0.5854749240	0.3826424600	0.3664064580
1610	0.5859334650	0.3849868530	0.3646607560
1611	0.5847231660	0.3829723910	0.3649133150
1612	0.5839237290	0.3845650050	0.3658873020
1613	0.5861083690	0.3871919400	0.3654710940
1614	0.5870406960	0.4929704520	0.4760848400
1615	0.7018005500	0.3849288110	0.3674570110
1616	0.5884419470	0.3868343510	0.3687007170
1617	0.5913629670	0.3847905540	0.3660622680
1618	0.5926676590	0.3860613290	0.3644397560
1619	0.5885168910	0.3841407620	0.3642459110
1620	0.5899345040	0.3867250490	0.3784265190
1621	0.6893882300	0.3894506040	0.3657607100
1622	0.5917944520	0.3888066590	0.4732929270
1623	0.6703608580	0.3850737500	0.3815877630
1624	0.5902786100	0.3863402390	0.3660126100
1625	0.5870070170	0.3898397200	0.3666326470
1626	0.5895887640	0.3866309780	0.3651704410
1627	0.6896772600	0.4429907320	0.3655834860
1628	0.5848671000	0.3892047990	0.3685366780
1629	0.5915842730	0.3849788200	0.3648299790
1630	0.5857536990	0.3861581140	0.3680102480
1631	0.5854712060	0.3872280530	0.3673668090
1632	0.6375751500	0.4904441070	0.3661998160
1633	0.5835033410	0.3830650470	0.3679479920
1634	0.5860216840	0.3852829280	0.3653208340
1635	0.6482443330	0.3831379590	0.3681999860
1636	0.5853782150	0.4327761100	0.4769207690
1637	0.6938672130	0.3840017720	0.3672137320
1638	0.5883516670	0.3868577270	0.3666041020
1639	0.6486275130	0.3847472420	0.3666481070
1640	0.5896940960	0.3873032860	0.4734076410
1641	0.5863222220	0.3850123190	0.4811161790
1642	0.6952303070	0.3840012510	0.3689680550
1643	0.5887978690	0.3861004350	0.3695437030
1644	0.5870487050	0.3944997620	0.3662284570
1645	0.5878829330	0.3830077320	0.3739392770
1646	0.5916413010	0.3882448590	0.3693147150
1647	0.6416016260	0.4975708700	0.4822354830
1648	0.5849172210	0.3855601950	0.3671471030
1649	0.5875574140	0.3960324530	0.3659894860
1650	0.5927208390	0.3860688380	0.3692141410
1651	0.5862268960	0.3844063250	0.3657905720
1652	0.5856002650	0.4143901910	0.3645498390
1653	0.5878192470	0.3855347400	0.3679110510
1654	0.5864616450	0.3862800920	0.3667685340
1655	0.5877962190	0.3840736390	0.3657432460
1656	0.5903352820	0.3847902480	0.4838284100
1657	0.6820618020	0.4896209950	0.3655836240
1658	0.5855512060	0.3849433470	0.3672284260
1659	0.5880626000	0.3841278770	0.3653057320
1660	0.5949664030	0.3854188620	0.3653628700
1661	0.5879650710	0.3869338700	0.3752427160
1662	0.5886274350	0.3856228660	0.3648824470
1663	0.5873134810	0.4841890940	0.3659266760
1664	0.5852656900	0.3866474160	0.3649703690
1665	0.5861483310	0.3830672160	0.3646031570
1666	0.5851968150	0.4914839340	0.4685285650
1667	0.6985590650	0.3889396620	0.3654563630
1668	0.5868208060	0.3840309860	0.4134362800
1669	0.6937063420	0.3849925760	0.3670711110
1670	0.6505347160	0.4947266880	0.3665705780
1671	0.5876479140	0.3847888960	0.3653275750
1672	0.5863281360	0.3872750080	0.3762677560
1673	0.5935710910	0.3860901460	0.3663335820
1674	0.6855089850	0.4563064250	0.3698294850
1675	0.6102133660	0.3845303220	0.3637716110
1676	0.5841583330	0.3850883400	0.3680471630
1677	0.5883104140	0.3865799460	0.3681436480
1678	0.5871170720	0.3835094210	0.3638767940
1679	0.5862907260	0.3942875080	0.3661696640
1680	0.6460317830	0.4919291750	0.3669386040
1681	0.5870389800	0.3833979710	0.3741398160
1682	0.5898942560	0.3837667930	0.3657183450
1683	0.5880616010	0.3851603160	0.3696743150
1684	0.5883150130	0.4928580550	0.3652921680
1685	0.5869052320	0.3867407640	0.3651295770
1686	0.5853666570	0.3858601270	0.5539386960
1687	0.7021602480	0.3863360200	0.3695924870
1688	0.6854339470	0.3832117880	0.3660030670
1689	0.5864590400	0.3831479310	0.3653461890
1690	0.5859250440	0.3827070040	0.3656346750
1691	0.5839236950	0.3833390640	0.3659264010
1692	0.6366857080	0.3862591340	0.3874798250
1693	0.5886758880	0.3933376080	0.3653966390
1694	0.5898159690	0.3837978190	0.3684851230
1695	0.5876712770	0.3861315730	0.3732384480
1696	0.5858904790	0.4037279790	0.3683429450
1697	0.5866936320	0.3833533130	0.3663469120
1698	0.5875310280	0.3857091560	0.3650446230
1699	0.5844925030	0.3855139500	0.3658627790
1700	0.5867691060	0.3826992310	0.3648641200
1701	0.5856972410	0.3840238730	0.3634939690
1702	0.6278493340	0.4690926270	0.3816955800
1703	0.5881403410	0.3924083160	0.3685139180
1704	0.5876939350	0.3845707990	0.3646891090
1705	0.5848430910	0.3852373860	0.3671091700
1706	0.5869554870	0.3849233770	0.4772505360
1707	0.6924757160	0.4405373040	0.4149557550
1708	0.7967011600	0.3871006920	0.3669479530
1709	0.5860119610	0.3843046880	0.3687954140
1710	0.5868960450	0.3837801550	0.3691274220
1711	0.5923362050	0.3878736790	0.3690796110
1712	0.6507435860	0.3842252130	0.4757263770
1713	0.6984579460	0.3840174020	0.3643875240
1714	0.5866611370	0.4957393770	0.3670502510
1715	0.7048060140	0.4923821430	0.3658575880
1716	0.6160067420	0.3864462450	0.4213033570
1717	0.6882442220	0.3868632670	0.3687138080
1718	0.5894120830	0.3870656490	0.3695296620
1719	0.5875761260	0.3848014790	0.3730289890
1720	0.5843683930	0.3865472680	0.3646620830
1721	0.5856176290	0.3867131270	0.3666792110
1722	0.5861979070	0.3867801590	0.3662860450
1723	0.5921876880	0.3889493110	0.3643142660
1724	0.5876695120	0.4931682570	0.3675157590
1725	0.5928125820	0.3828007040	0.3664154400
1726	0.6425207140	0.4845771400	0.3664605050
1727	0.5887517250	0.3875911710	0.3683292730
1728	0.5871319790	0.3852195130	0.3728754900
1729	0.6123720920	0.4199757990	0.3681594090
1730	0.5838449910	0.3852858040	0.3659202630
1731	0.5843610800	0.3850822130	0.3702999240
1732	0.5859980890	0.3914640700	0.3675433020
1733	0.5871554820	0.4243974770	0.3675296760
1734	0.5908845670	0.3854996050	0.3665424300
1735	0.5846445130	0.3866871870	0.3651332280
1736	0.5936039360	0.3870955460	0.3674230720
1737	0.5871202840	0.3852877290	0.3685297470
1738	0.5844361410	0.3837990720	0.4039575190
1739	0.5863232220	0.3856418910	0.3651620640
1740	0.5966403680	0.3871349050	0.3689796080
1741	0.5885726270	0.3871180260	0.3683998250
1742	0.7160244930	0.3852246120	0.3679640240
1743	0.5884614940	0.3881523410	0.3669164480
1744	0.5900454970	0.4975641990	0.3674433590
1745	0.6386549190	0.4970551820	0.3697412970
1746	0.6961949640	0.4947362250	0.3666679990
1747	0.5990291170	0.3838525800	0.3667381880
1748	0.5847147140	0.3846634130	0.3639929470
1749	0.5858797380	0.3858430080	0.3679888490
1750	0.5854577820	0.4904517360	0.4661269420
1751	0.6982361110	0.3868839070	0.3664966950
1752	0.5997429140	0.3893597000	0.3730272880
1753	0.5915703760	0.3852338580	0.3669227340
1754	0.5977377890	0.3852918820	0.3650173520
1755	0.5888433410	0.5044954670	0.4761339650
1756	0.5841793550	0.3847313950	0.4669053000
1757	0.5846381500	0.3880605110	0.3669836540
1758	0.5880402760	0.3887029670	0.3682624270
1759	0.5895592240	0.3846857360	0.3665442270
1760	0.5896542500	0.3864348060	0.3648012860
1761	0.5868333110	0.3865443990	0.3672659870
1762	0.5861913580	0.3843116760	0.3676223460
1763	0.5869620830	0.3867418710	0.3657272870
1764	0.5859531120	0.3839768640	0.3678012650
1765	0.5873131500	0.3830533430	0.3668967760
1766	0.5864817110	0.3856759560	0.3654192210
1767	0.5865052190	0.3850290740	0.3666485870
1768	0.5854719480	0.3853769690	0.3661042770
1769	0.5874249270	0.3871529420	0.3654475990
1770	0.5856597850	0.4386439900	0.3669985430
1771	0.5819192970	0.3844630900	0.3657149540
1772	0.5855135000	0.3852207410	0.3692470390
1773	0.5883352300	0.3881442560	0.3665203840
1774	0.5858266980	0.3848699300	0.3664183860
1775	0.5833655760	0.3840548010	0.3870599750
1776	0.5850792130	0.3841698050	0.3663765440
1777	0.5847240730	0.3863477930	0.3702134030
1778	0.5890162640	0.3866234160	0.3668511350
1779	0.5877443960	0.3828042590	0.3651911570
1780	0.6389558560	0.3871447930	0.3645282520
1781	0.5858826890	0.3848446440	0.3650338400
1782	0.5856538990	0.3837569340	0.3684752160
1783	0.5876221830	0.3847657150	0.3672459400
1784	0.5905250750	0.3867635360	0.3658831390
1785	0.5885503940	0.3868169030	0.3685679300
1786	0.5819536380	0.3833753520	0.3638045210
1787	0.5856046570	0.3837200340	0.4141883910
1788	0.7009018070	0.3861515110	0.3675348860
1789	0.5961396770	0.4886242290	0.3660680260
1790	0.5855029140	0.3855835030	0.3664551560
1791	0.5952973030	0.3931908240	0.3653295260
1792	0.5842107910	0.3859676930	0.3652842780
1793	0.5845158180	0.3843494490	0.3645353010
1794	0.5855549570	0.3857908360	0.3658003230
1795	0.5967537980	0.4965639370	0.3680861010
1796	0.5860476910	0.3856725410	0.3661645760
1797	0.5906162850	0.4276435380	0.4221916830
1798	0.5878251740	0.3861789650	0.3656586120
1799	0.5847766460	0.3849902390	0.3660302290
1800	0.5887314450	0.3846165380	0.3649079250
1801	0.5891370540	0.3841634560	0.3667233250
1802	0.5902699790	0.5214203040	0.4583260630
1803	0.5861491090	0.3849563600	0.3645707320
1804	0.5848282780	0.3857760720	0.3746455310
1805	0.5859359720	0.3834004180	0.3688407880
1806	0.5929386030	0.3839167940	0.3681971880
1807	0.5842284530	0.3840795810	0.3672274100
1808	0.5875236790	0.3844261290	0.3665672430
1809	0.5864424470	0.3857502630	0.3665713040
1810	0.5865479330	0.3844604410	0.3660713500
1811	0.5861825410	0.3840849320	0.3683677680
1812	0.5882916760	0.3839076820	0.3680501020
1813	0.5854883710	0.3856093610	0.3638631140
1814	0.5845446160	0.3839254720	0.3655860490
1815	0.5916575430	0.3840254860	0.3671375600
1816	0.5857764130	0.3871848490	0.3680066950
1817	0.5892700900	0.3842028810	0.4594536350
1818	0.6919733660	0.3849330610	0.3679450510
1819	0.5889608620	0.3854213320	0.3670636360
1820	0.5872727700	0.4862410340	0.3666882100
1821	0.5867179910	0.3865628270	0.3668732190
1822	0.5860178160	0.3825158530	0.3648812320
1823	0.5880134870	0.3819567310	0.4639174730
1824	0.6980444190	0.3828003380	0.3670096500
1825	0.5868353040	0.3836257490	0.3654436400
1826	0.5825972500	0.3855450240	0.3663427830
1827	0.5873118340	0.3863272170	0.4677032580
1828	0.6816274840	0.4892398200	0.4769324110
1829	0.7057580890	0.4154875510	0.4515283250
1830	0.5886271690	0.3948478560	0.3700721380
1831	0.5913201140	0.3862453120	0.3663309230
1832	0.5874623280	0.3876179010	0.3674995890
1833	0.5895882420	0.3853144600	0.3686973480
1834	0.5873134350	0.3851880060	0.3682234750
1835	0.5881227240	0.3860380230	0.3671701890
1836	0.5872317190	0.3848399290	0.3669350510
1837	0.5895727490	0.3863095480	0.3675208460
1838	0.5814586750	0.3849683000	0.3688648210
1839	0.5862090770	0.3832158680	0.3669858380
1840	0.5892683980	0.3873503470	0.3662306040
1841	0.5867023460	0.3868789020	0.3679041240
1842	0.5868513760	0.4249280700	0.3682134680
1843	0.5830788660	0.4383040680	0.4055366380
1844	0.6995075650	0.3838563050	0.3672195210
1845	0.5883493510	0.3874943350	0.3665066190
1846	0.5924427600	0.3848196890	0.3706876900
1847	0.5964824250	0.3850091820	0.3643539080
1848	0.5852209170	0.3862884230	0.3661300180
1849	0.5874019500	0.3836876480	0.3675868120
1850	0.6247886880	0.3861848480	0.3650192040
1851	0.5861247260	0.3861211970	0.3668407770
1852	0.5830785430	0.3857832020	0.3660070290
1853	0.5845446640	0.3865454430	0.3651440270
1854	0.5849769850	0.3852839300	0.3650148960
1855	0.5828227550	0.3840458690	0.3637453680
1856	0.5851438490	0.3852644960	0.5122331490
1857	0.5896077140	0.3849115270	0.3649907060
1858	0.5851138410	0.3841576430	0.3654457020
1859	0.5869242180	0.3852320540	0.3640074160
1860	0.5855412970	0.3834142100	0.3670555760
1861	0.5868448280	0.3864622380	0.3655807520
1862	0.5843098660	0.4675837460	0.3655173080
1863	0.6333506440	0.5259472090	0.3662748360
1864	0.5871894370	0.3901133310	0.4203921940
1865	0.6910394600	0.4297039050	0.3671407590
1866	0.5856364970	0.3867279430	0.3659139530
1867	0.6495014160	0.3871170350	0.3682018170
1868	0.5875037290	0.3859141390	0.3662542990
1869	0.5842123180	0.3851572600	0.3674382870
1870	0.5894420330	0.3837370890	0.3692280490
1871	0.6546968260	0.3846647550	0.3648267540
1872	0.5868640200	0.3870374680	0.4148724330
1873	0.5846539130	0.4105108800	0.3992005060
1874	0.6039017840	0.3848421230	0.3671129990
1875	0.5888192300	0.3863112850	0.3674515790
1876	0.5948568290	0.3880937250	0.3662898370
1877	0.6849879770	0.3828561790	0.3818015430
1878	0.6277096480	0.3847308400	0.3692766010
1879	0.5848364220	0.4001113980	0.3670349230
1880	0.5899578360	0.3869241410	0.3668595200
1881	0.5879505090	0.3841260770	0.3648903690
1882	0.6547052270	0.3843599520	0.3689507310
1883	0.5853260410	0.3846156010	0.3678706910
1884	0.5892022150	0.3842045240	0.3656242770
1885	0.5875129120	0.3851492100	0.3643288920
1886	0.5860466150	0.3853300750	0.3656888330
1887	0.5868426860	0.3846929450	0.3649800220
1888	0.5846181160	0.3829655930	0.4696688380
1889	0.6416567760	0.3862518550	0.3823794990
1890	0.6829562680	0.4910336610	0.3672392530
1891	0.5844539420	0.3837761450	0.3651540680
1892	0.5888112560	0.4089596580	0.3657720600
1893	0.5834636740	0.3860811400	0.3645472590
1894	0.5871417880	0.3851600550	0.3653752810
1895	0.5870537650	0.3824690590	0.3667577210
1896	0.5900560000	0.3860929400	0.3647647970
1897	0.5914365800	0.3856589550	0.3709425780
1898	0.5844992840	0.3882839360	0.3668100880
1899	0.5888215220	0.3853679760	0.3654064360
1900	0.5871710000	0.3850198510	0.3669670370
1901	0.5905535740	0.3986513390	0.3818735590
1902	0.5898787320	0.4916465340	0.4650456590
1903	0.5902524910	0.3845254560	0.3654480960
1904	0.5925391820	0.3851351540	0.3669685390
1905	0.5837315080	0.3832182380	0.3667800980
1906	0.5894645670	0.3841595580	0.3664404340
1907	0.5889179260	0.4033905710	0.3670002250
1908	0.5914706540	0.3870828890	0.3694833950
1909	0.5906973230	0.3826637590	0.3661826850
1910	0.5866816810	0.3857758350	0.3669641220
1911	0.5923663040	0.3871887680	0.3659667300
1912	0.5868811240	0.3865225450	0.3949982590
1913	0.5876312320	0.4915970880	0.3651170250
1914	0.6387298920	0.4045815230	0.3694810080
1915	0.5921490430	0.3886602340	0.3675005230
1916	0.6580733370	0.3847548090	0.3651070140
1917	0.5913878480	0.3858555060	0.3656801900
1918	0.5878785470	0.3859684810	0.3680569800
1919	0.5904204200	0.3849825650	0.3666860740
1920	0.5838019780	0.3871855620	0.4174847500
1921	0.6809591140	0.3856721310	0.3646268830
1922	0.5851162230	0.3849365880	0.3687269920
1923	0.5934344290	0.3849705560	0.3694771520
1924	0.5821646870	0.3824168860	0.3672177980
1925	0.5862097360	0.3855913260	0.3680097380
1926	0.5895139130	0.3873567630	0.4399406500
1927	0.6938433590	0.3875310300	0.4755530270
1928	0.6868985410	0.3856948260	0.3684049920
1929	0.6944334860	0.4158767390	0.3663070960
1930	0.5919091590	0.3864724820	0.3665776860
1931	0.5882054520	0.3852056360	0.3642111960
1932	0.6215843830	0.4889141010	0.3702534240
1933	0.5910653680	0.5186008270	0.4727428870
1934	0.7625880400	0.4590174900	0.3661057380
1935	0.5847680190	0.3825273830	0.3681677660
1936	0.5899631020	0.3876866250	0.4090643490
1937	0.6975235470	0.4321997030	0.4790275580
1938	0.5833589030	0.3866640590	0.3663039200
1939	0.5905398850	0.3846832050	0.3683139650
1940	0.5860908170	0.3952666170	0.3665135080
1941	0.5878566930	0.3857628860	0.4299210490
1942	0.5885847210	0.3880789100	0.3667740130
1943	0.5898223790	0.3856419340	0.3835181640
1944	0.5965237090	0.3872473520	0.4737746990
1945	0.5916278250	0.3871600970	0.3651035470
1946	0.5867238430	0.3866144010	0.3653470920
1947	0.5848378020	0.3880043420	0.3675851250
1948	0.5854205250	0.3867785060	0.3655459220
1949	0.5876806050	0.3856721150	0.3807012010
1950	0.5871434660	0.3855522490	0.4268012230
1951	0.6960036490	0.4607919560	0.3724463160
1952	0.6441731670	0.3904353310	0.3666504410
1953	0.6603755480	0.4238202730	0.3667280600
1954	0.5884033610	0.3853004500	0.3687940740
1955	0.5884105250	0.3840570360	0.3650612180
1956	0.6411920430	0.3851623290	0.3651698260
1957	0.5860303730	0.4224243490	0.4782792880
1958	0.7104971260	0.3882121850	0.3652498760
1959	0.5888774210	0.3876403770	0.3658397510
1960	0.5850579790	0.3886935920	0.3701523350
1961	0.5855767360	0.4916491470	0.3700664020
1962	0.5836774460	0.3858523360	0.3663764540
1963	0.5868789510	0.3846020250	0.3680749660
1964	0.5916836600	0.3847947940	0.3692183640
1965	0.6444475050	0.3830552450	0.3672262300
1966	0.5861272310	0.3842082980	0.3653805730
1967	0.5864181230	0.3827440580	0.3678139410
1968	0.5836576550	0.3853485860	0.3662299740
1969	0.5881439910	0.3886362230	0.3698431230
1970	0.5867056380	0.3831352840	0.3676999960
1971	0.5841876650	0.3849889800	0.3658982000
1972	0.5859323910	0.4977757980	0.4673352100
1973	0.5869679020	0.3831766790	0.3673669700
1974	0.5869048000	0.3864397780	0.3647073700
1975	0.5855225700	0.3834356940	0.3689207080
1976	0.5864293700	0.3829158410	0.3657022800
1977	0.5859143430	0.3855157320	0.3653994670
1978	0.5874691610	0.3855977920	0.3669633570
1979	0.6448957690	0.3861960290	0.3650891970
1980	0.6272616400	0.4969781720	0.3759430030
1981	0.5853821330	0.3857261310	0.3679017960
1982	0.5907241300	0.3887450230	0.3652273990
1983	0.6051358680	0.3840941480	0.3652692890
1984	0.5903564300	0.3839510350	0.3682600320
1985	0.5879998000	0.3854700160	0.3653198400
1986	0.5893979060	0.3853616570	0.3657047270
1987	0.5867140730	0.3863664670	0.3664447990
1988	0.5937745880	0.3857400320	0.4797068720
1989	0.5896258600	0.3856860940	0.3658316980
1990	0.5849206030	0.3827175930	0.3646354150
1991	0.5886807270	0.3842995420	0.3663435970
1992	0.5849191250	0.3844509080	0.3680244710
1993	0.5868763940	0.3846841890	0.3689146010
1994	0.6125989160	0.3836401530	0.3717175760
1995	0.6928251290	0.4210816760	0.3663549390
1996	0.5964281910	0.3873274470	0.3654414260
1997	0.5862315720	0.3870803690	0.3691505510
1998	0.6501221540	0.3888778550	0.3646817400
1999	0.5868975500	0.3849171470	0.4126580600
