0	0.9172853720	0.6082005300	0.5841057920
1	0.9336500560	0.6071153160	0.5835246260
2	0.9105019080	0.6642077840	0.7082342440
3	0.9114841840	0.6115352350	0.5966754180
4	0.9200000280	0.6081400390	0.5802971690
5	0.9454116770	0.6148853670	0.5812956670
6	0.9120791320	0.6070390340	0.5996964790
7	0.9108519220	0.6102093700	0.5800398040
8	0.9390439570	0.6065358810	0.5819938950
9	0.9265877120	0.6463123470	0.5886634370
10	1.0722153590	0.6619508610	0.6052687720
11	0.9412275920	0.6180268630	0.5859720270
12	1.0524198920	0.6117704350	0.5891585260
13	0.9157082080	0.6331572600	0.5881855980
14	0.9208045920	0.6138253960	0.5860490750
15	0.9460426180	0.6187485300	0.5791864420
16	0.9117315130	0.6282899330	0.5798465320
17	1.0144261990	0.6077498980	0.6063429580
18	1.0261683980	0.6083491310	0.5838708940
19	0.9281368820	0.6134406660	0.5884957210
20	0.9083539220	0.6320699760	0.6349178130
21	0.9662700390	0.6691178370	0.7013355830
22	0.9183859550	0.6285591540	0.6040145670
23	0.9302412450	0.7151281830	0.5922337370
24	1.1232877030	0.6855749940	0.5771490250
25	0.9962918130	0.6241583250	0.6008206910
26	0.9317164630	0.6072863820	0.6116961750
27	0.9351374430	0.6103694180	0.5814618810
28	0.9251506290	0.6246449890	0.5821585520
29	0.9404224490	0.6745251830	0.6390839870
30	1.0808149150	0.6404100130	0.6336431290
31	0.9800222280	0.6094457470	0.5776793690
32	0.9235741330	0.6288461290	0.5962792710
33	0.9221792030	0.7297442660	0.5814400290
34	0.9288981430	0.6270482130	0.5880132500
35	1.1008402570	0.6552428560	0.6292888200
36	1.0593927800	0.6489053840	0.6279480490
37	0.9763971750	0.6538453120	0.6203945260
38	1.0142055070	0.6538241390	0.6399485900
39	1.0113691420	0.6515839240	0.6121844550
40	0.9709509460	0.6414221120	0.6182394230
41	0.9065413250	0.6317086560	0.5940443860
42	0.9329905430	0.6089336310	0.6147561480
43	0.9098199430	0.6249460760	0.5966312270
44	0.9108632540	0.6452435700	0.5966993970
45	0.9127844370	0.6065522600	0.5776145560
46	0.9310114800	0.6087602270	0.5775774670
47	0.9292262910	0.6264271530	0.6137097000
48	0.9712787180	0.6066862450	0.6879845070
49	0.9809953920	0.6668350510	0.5954382640
50	0.9239439740	0.6109630190	0.5802234940
51	1.0167673860	0.6131574620	0.5931438380
52	0.9080785010	0.6193086330	0.5816409390
53	0.9362038710	0.6199172730	0.5793269690
54	0.9128221970	0.6347214010	0.5810114910
55	0.9093506180	0.6148185530	0.5986506680
56	0.9196376810	0.6141594830	0.6059129500
57	1.0218451300	0.6641099370	0.6724259320
58	0.9763626140	0.6908548050	0.6240219500
59	0.9874266600	0.6606922280	0.6443910470
60	1.0729507220	0.7814832880	0.6375841710
61	1.0036475060	0.6579688760	0.6269046990
62	0.9787785880	0.6742887500	0.6833442730
63	0.9787857050	0.6709820130	0.8548632190
64	0.9840851080	0.6540473020	0.6530729630
65	0.9827056030	0.6552505810	0.6218406310
66	1.0978260120	0.6244803570	0.7342947600
67	0.9175491700	0.6971450220	0.5888246540
68	0.9215720940	0.6248044000	0.6032042450
69	0.9330941710	0.6299002720	0.5923812250
70	0.9417764180	0.6079670210	0.6418873830
71	1.0183087380	0.6696175700	0.5802589380
72	1.0474811100	0.7253332540	0.6004999530
73	0.9776660030	0.6178964770	0.5949957390
74	0.9468862240	0.6166314290	0.5879384300
75	1.0261190230	0.6902140490	0.6024136600
76	0.9219597630	0.6089869010	0.5780981720
77	0.9464875650	0.6314749790	0.5876918600
78	1.0686407160	0.7359669300	0.6503017740
79	1.0085325410	0.6749278870	0.5854558420
80	1.0229173470	0.6127162590	0.5942351360
81	0.9203707740	0.6073348590	0.5819490470
82	0.9334075450	0.6221125730	0.5869194970
83	0.9715765610	0.7260452030	0.6014979260
84	0.9964838330	0.6592647060	0.5822445030
85	0.9572603920	0.7609553820	0.6489872550
86	0.9949978740	0.6959957440	0.5936712950
87	1.0634647010	0.8083160550	0.6342586220
88	1.0890125160	0.6454874480	0.6435129910
89	1.0434407150	0.6922572260	0.7978330720
90	1.1335261760	0.6442762730	0.6166075120
91	0.9730950650	0.6663568080	0.6103327510
92	0.9973088660	0.6663601650	0.6247575430
93	0.9787151660	0.6594637700	0.6357122340
94	0.9629918810	0.6510173860	0.6195291290
95	1.0124466540	0.6808448830	0.6772032470
96	0.9707776150	0.7462278740	0.6332841850
97	0.9638059290	0.6802744040	0.6283498740
98	0.9616072040	0.6708829140	0.6555097990
99	0.9859336950	0.6931350250	0.6130835960
100	1.0536728210	0.6825630320	0.6582409070
101	1.0101801910	0.6758625060	0.6503319720
102	1.0173431540	0.6548717060	0.6511519480
103	1.0468644460	0.6819877640	0.6434442850
104	1.0084181170	0.7006298130	0.6185905060
105	1.0701826420	0.6721368990	0.6537430600
106	0.9674847910	0.6879924700	0.6530164320
107	1.1651015810	0.6643508640	0.6189770380
108	1.0010495840	0.6665706950	0.6107842380
109	0.9760666850	0.6519692350	0.6060228150
110	0.9691896900	0.7775274330	0.7513801770
111	1.0150293760	0.6670065640	0.8007202380
112	0.9854739280	0.6889324220	0.6380029940
113	1.0677500730	0.6606646360	0.6442645060
114	1.0004785180	0.6670811340	0.6280977720
115	0.9607151400	0.7750204190	0.6335935380
116	1.0128733140	0.6632030680	0.6139494830
117	0.9803700200	0.7240328020	0.6403126860
118	1.0021577060	0.6555489560	0.6151646900
119	1.0199883080	0.6702775410	0.6327186890
120	0.9967117030	0.6438635020	0.6105852160
121	0.9626137990	0.6456994910	0.7135640210
122	1.0142256600	0.6467016320	0.6449546070
123	1.0149504520	0.6641668360	0.6299655650
124	0.9652587160	0.6640092240	0.6308064720
125	0.9696972430	0.6546258210	0.6408588280
126	1.0027661470	0.6679374480	0.6168525150
127	0.9604343880	0.6459818660	0.6470496700
128	0.9738807970	0.6814810430	0.6247739400
129	0.9972468920	0.6472090960	0.6198411720
130	1.0526491840	0.6615565460	0.6165981740
131	1.0147981570	0.6435844610	0.6449523700
132	0.9596224190	0.6774789000	0.6149546850
133	0.9860045770	0.7045021140	0.6272632010
134	1.0538102620	0.6528395480	0.6160936730
135	0.9782729800	0.6644910620	0.6159250350
136	0.9714566220	0.6472021770	0.6112783000
137	0.9793036180	0.6934543520	0.6149640070
138	1.0368690380	0.6839784840	0.6302150770
139	1.0006410960	0.6521165090	0.6171631300
140	0.9953544190	0.6470763440	0.6139215020
141	0.9575297870	0.6945573790	0.6318873680
142	0.9589890860	0.6425901020	0.6191651780
143	1.0144473040	0.6917822620	0.6244644460
144	0.9764318770	0.6402941650	0.6460168240
145	0.9696132550	0.6828123410	0.6424504300
146	1.0060276790	0.6641751700	0.6136854220
147	0.9678987900	0.6657861850	0.6395065080
148	0.9733404860	0.6455197960	0.6341894710
149	0.9967400930	0.6522083190	0.6521801840
150	0.9738151890	0.6660361880	0.6527792830
151	0.9591368660	0.6824609280	0.6126586530
152	0.9786549280	0.6987485270	0.6294511710
153	0.9615502220	0.6676076750	0.6207668780
154	1.0178149430	0.6624410740	0.6528348720
155	0.9945283900	0.6445456340	0.6389314520
156	0.9586994570	0.6434160270	0.6173365470
157	0.9593019570	0.7203536680	0.6319529800
158	0.9796757670	0.6486947740	0.6196769830
159	0.9736247950	0.7020422480	0.6365674190
160	1.0428398110	0.6423040450	0.6110152580
161	0.9653943860	0.6615097650	0.6558137740
162	0.9575764100	0.6514840880	0.6132316350
163	0.9822081360	0.6437748480	0.6323955640
164	0.9999153040	0.6504004870	0.6376102710
165	0.9691283710	0.6466622340	0.6315074210
166	0.9779225970	0.6466626090	0.6119706080
167	0.9645288500	0.6437860270	0.6149259920
168	1.0152215170	0.6627491410	0.6100467090
169	1.0542420990	0.6437434340	0.6451189950
170	1.0180296840	0.6778822530	0.6127073740
171	0.9701853540	0.6992563940	0.6098799070
172	0.9894400830	0.6534714590	0.6147814160
173	1.0173489430	0.6439779410	0.6136235160
174	1.0068441130	0.6851271690	0.6305321120
175	0.9762570670	0.7195135960	0.6742090290
176	0.9976164140	0.6653054150	0.6192889800
177	0.9783023910	0.6563463070	0.6494198770
178	0.9786043520	0.6446908680	0.6099955430
179	0.9830137030	0.6697968020	0.6449224630
180	1.0114852020	0.6662667860	0.6195209820
181	0.9997240880	0.6563657080	0.6347796880
182	0.9625349870	0.6496549830	0.6637010800
183	0.9902733670	0.6945240960	0.6231138400
184	1.0208862010	0.6660914460	0.6562953170
185	0.9583712170	0.6847794980	0.6305401970
186	0.9790914640	0.6456441450	0.6331757560
187	0.9737137060	0.6512590660	0.6646535610
188	0.9821463310	0.6474305650	0.6110403040
189	0.9876374070	0.7072182580	0.6270454300
190	0.9596776860	0.6575254020	0.6176373820
191	0.9803243350	0.6581614240	0.6212382430
192	0.9785503050	0.6611759130	0.6159052750
193	0.9795923180	0.6562420400	0.6167403090
194	0.9753682920	0.6944911240	0.6125496830
195	0.9816369530	0.6446774540	0.6095364330
196	0.9686148290	0.7101555990	0.6202960540
197	0.9682345060	0.6684185450	0.6191715940
198	0.9712433090	0.6594209420	0.6161814680
199	0.9812422730	0.6526933540	0.6125773200
200	0.9979965950	0.6569457980	0.6155072590
201	0.9775081950	0.6458723570	0.6145801930
202	0.9703656380	0.6411748510	0.6163192500
203	0.9911354690	0.6732574790	0.6163935940
204	0.9720951130	0.6468039880	0.6158719530
205	0.9772494730	0.6583725810	0.6195148500
206	0.9686482300	0.6727924750	0.6543490440
207	1.0271245100	0.7084537170	0.6236236570
208	1.0269152100	0.6721499740	0.7437340260
209	1.0009238210	0.6737369790	0.6208723540
210	0.9874039590	0.6705917450	0.6277984220
211	0.9646797930	0.6761619410	0.6127602890
212	1.0016212710	0.6497839960	0.6160639180
213	1.0013604710	0.6534781340	0.6572576420
214	1.0234102480	0.6539430440	0.6788746140
215	0.9620975400	0.6666861430	0.6354382870
216	0.9889825340	0.6626074160	0.6239569730
217	0.9659041900	0.6516267230	0.6158860440
218	0.9834102120	0.6417518250	0.6639942110
219	0.9932572220	0.6959873200	0.6695935230
220	1.0074333450	0.6727381900	0.6617952910
221	1.0076169470	0.7241221990	0.6426359670
222	0.9766043100	0.6524792130	0.6488292310
223	1.0491104580	0.6442447570	0.6384887190
224	0.9720917910	0.6592155360	0.6417568080
225	0.9823261740	0.6666252350	0.6973309260
226	1.0067359350	0.6642320880	0.6376465920
227	1.0012598490	0.6870222370	0.6284509210
228	1.0069198240	0.6713910830	0.6624783270
229	0.9633517350	0.7627320010	0.6316365810
230	0.9895742120	0.6539019060	0.6555078320
231	1.0111045800	0.6805980940	0.6205637910
232	0.9681829230	0.6581028750	0.6103147040
233	0.9580228420	0.6839743290	0.7542371360
234	0.9893304630	0.6796518250	0.6534863330
235	1.0258725190	0.6849880640	0.6362430040
236	0.9802837190	0.6484546820	0.6121353650
237	0.9644496980	0.6718354620	0.6545899530
238	1.0622210750	0.6586913610	0.7013289490
239	0.9676815960	0.6553992570	0.6158523890
240	0.9854413890	0.7009209480	0.6370881010
241	0.9802727130	0.6615242910	0.6411086270
242	1.0693476510	0.6646160290	0.7425529780
243	0.9909004650	0.6852029870	0.6915030000
244	1.0018410080	0.6913823310	0.6341100900
245	0.9935142710	0.6532178210	0.6516444390
246	1.0117453950	0.7061809000	0.6265680280
247	0.9639734830	0.6915628920	0.6469926560
248	0.9951496550	0.6680106220	0.6216437720
249	1.0023710550	0.6701848710	0.6111744130
250	0.9862456360	0.6834106190	0.6534978100
251	0.9929258190	0.6463406210	0.6313489060
252	1.0260672750	0.7102413950	0.6466374430
253	1.0169001350	0.7136081650	0.7053692760
254	1.1263133550	0.6500851450	0.6225421430
255	0.9792977660	0.6800465680	0.6113356250
256	0.9747019170	0.7538338860	0.6605320610
257	1.0151156630	0.7276665000	0.6373814880
258	1.0056488020	0.6851290220	0.6279345220
259	0.9795890300	0.6598749930	0.6407832430
260	0.9897862700	0.7229182750	0.6841086990
261	0.9998259470	0.6606458010	0.6194190070
262	1.0106295440	0.6495502110	0.6350302000
263	1.0133372390	0.6459346990	0.6385099470
264	1.0664184980	0.6946399100	0.6261404760
265	1.0344752760	0.7055649240	0.7080441740
266	0.9756188870	0.6577032810	0.6393923250
267	1.0087739650	0.6545513650	0.6211664920
268	0.9798023030	0.7191164920	0.6325356620
269	0.9711567640	0.6743867230	0.6355923800
270	0.9606947000	0.6520230440	0.6199821350
271	1.0196027580	0.7017748390	0.6483980850
272	1.0167970590	0.6664450600	0.6119486100
273	1.0142733120	0.6638959570	0.6283680120
274	1.0535279690	0.6796886820	0.6265531960
275	1.0162667280	0.6641826420	0.6321892420
276	0.9753716980	0.6796772080	0.6400238610
277	1.0019049950	0.6782588540	0.6397305340
278	0.9692084230	0.6519821270	0.6441943740
279	0.9850234540	0.6547735830	0.6604744120
280	1.0571821530	0.7038498700	0.6429356040
281	1.0090601450	0.7037546050	0.6442788060
282	1.0199637980	0.6783618960	0.6613325950
283	1.0379649690	0.6514650480	0.6355106290
284	0.9973782320	0.6487394140	0.6372689650
285	1.0026313820	0.6546970960	0.6189142930
286	1.0051320580	0.6765292980	0.6181924890
287	0.9775828530	0.6771365430	0.6670491940
288	0.9734733940	0.6487846880	0.6417281930
289	1.0016310870	0.6422876760	0.6191672920
290	1.0254567270	0.7384685800	0.6415050570
291	1.0203481810	0.7026541450	0.6643445720
292	1.0099288610	0.6881756090	0.6382848370
293	0.9918443530	0.7007923360	0.6283567250
294	0.9766329990	0.6557663150	0.6216230460
295	1.0081348510	0.6811007620	0.6180957940
296	0.9693277000	0.6672893260	0.6454287390
297	1.0213069670	0.6692352070	0.6361825190
298	1.0031265470	0.6697930230	0.6751063120
299	1.0015171650	0.7289268710	0.6392730970
300	0.9901390670	0.6770375230	0.6777291360
301	1.0280405130	0.6856553780	0.7011093240
302	1.0378405950	0.6453063480	0.6501503810
303	0.9909939920	0.6423547410	0.6177425610
304	0.9766354220	0.6612526540	0.6387845510
305	0.9758439110	0.6918115640	0.6378984080
306	0.9949616490	0.7538101070	0.6154572630
307	1.0065221220	0.6676642160	0.6372850560
308	0.9813683940	0.6692066950	0.6271231540
309	0.9850818340	0.6741172990	0.6409505920
310	0.9852930470	0.6770070280	0.6816726000
311	1.0590835490	0.6779627180	0.6554433030
312	1.0328101930	0.7074145890	0.6783555590
313	1.0155118010	0.6535501500	0.6878396320
314	0.9766758360	0.6855620460	0.6380838050
315	1.0672089600	0.6452969950	0.6274677670
316	1.0127139400	0.7355085230	0.6149374210
317	1.0479071430	0.7281294720	0.6557482670
318	0.9967848910	0.6595065040	0.6783560400
319	1.0228402900	0.6970623550	0.6872885650
320	1.0906849480	0.7308789610	0.6149658640
321	1.0326016300	0.6824327100	0.6172526450
322	1.0074296610	0.7095403710	0.6221948400
323	0.9669023000	0.6744463130	0.6650049120
324	0.9670347160	0.6863144360	0.6824936300
325	1.0798473120	0.6477970600	0.6523907130
326	1.0034526340	0.6556988060	0.6225445470
327	0.9623843480	0.6748703270	0.6404731470
328	0.9666299800	0.6425858180	0.6360124350
329	0.9995033920	0.6950470480	0.6429322790
330	1.0026312140	0.7060039910	0.6477163080
331	1.0263902200	0.6768449870	0.6208468600
332	0.9719973950	0.6470471530	0.6578564320
333	1.0776393850	0.6950892390	0.6393803670
334	0.9918466320	0.6710262130	0.6327281900
335	1.0432917080	0.7050412750	0.6211531970
336	0.9734854360	0.7184929610	0.6277190160
337	1.0134243240	0.6495094620	0.6484636670
338	0.9917671090	0.7285431770	0.7260449480
339	1.0662088000	0.6624109310	0.6446880330
340	1.0092506480	0.7011670240	0.6253459260
341	0.9802674730	0.6673658750	0.7134384110
342	0.9615549610	0.6430010680	0.6349066070
343	1.0653611270	0.6552183080	0.6355965580
344	0.9893430970	0.6967550580	0.6242663790
345	1.0490876290	0.6386541370	0.6364787950
346	0.9739344850	0.6651780190	0.6354900560
347	1.0153095950	0.6393212990	0.6177139560
348	1.0244502580	0.6592284220	0.6101612830
349	1.0206670160	0.7091417570	0.6147845700
350	0.9992927230	0.7013669070	0.6473237360
351	1.0031433180	0.6686002040	0.6342876600
352	1.0658718900	0.6464910440	0.6138960320
353	0.9753898080	0.6985282560	0.6339997530
354	1.0060299130	0.6819116130	0.6694830700
355	0.9636891430	0.6539412350	0.6410748360
356	1.0991903850	0.7207729460	0.6451479210
357	1.0185632960	0.6944061260	0.6177459610
358	0.9753022220	0.6692845910	0.7306150400
359	1.0180791280	0.7191478030	0.6792487830
360	0.9956129930	0.6672750820	0.6446670500
361	1.0017504050	0.6972815700	0.6094922950
362	0.9932456770	0.6983448800	0.6572954330
363	0.9787253360	0.6663407740	0.6537458940
364	0.9892567230	0.6803741030	0.6869517500
365	1.2138992670	0.6483028640	0.6375557780
366	1.0093905810	0.6474944890	0.7056318130
367	1.1371229790	0.7229565920	0.6619949340
368	1.0268390370	0.6996686830	0.6405242780
369	0.9793070690	0.6429339290	0.6157733540
370	1.0804836060	0.6684353650	0.6652101270
371	1.0274510240	0.6617141800	0.6533405700
372	1.0410710700	0.7126149420	0.6250058370
373	1.0032180250	0.6590497610	0.6400493860
374	0.9988618080	0.6735723780	0.6443216600
375	1.0374316110	0.6777523090	0.6414429440
376	0.9727279960	0.6871938680	0.6219514460
377	1.0249756010	0.6613469100	0.6335165150
378	0.9974421180	0.6552045720	0.6431709020
379	1.0007866600	0.6783304610	0.6631281990
380	1.0153364340	0.6528899140	0.7206113580
381	1.0215711650	0.7418271380	0.6256012340
382	1.0589849870	0.6480324240	0.6393729510
383	0.9844274480	0.6566477850	0.6143343570
384	1.0669151080	0.7014237310	0.6174600190
385	0.9910420580	0.6856152430	0.6993743300
386	0.9632602250	0.7818040620	0.6204665200
387	0.9848996170	0.6865778570	0.6591554040
388	0.9861228270	0.6429444070	0.6445723460
389	1.0408241020	0.6447917180	0.6411635030
390	1.0354536890	0.6586680570	0.6438090000
391	0.9907407510	0.6726401770	0.6445175320
392	0.9930826210	0.6409036530	0.6652774870
393	1.0366288330	0.6735332940	0.6507761160
394	1.0220894810	0.6695050430	0.6124418330
395	1.0098915420	0.6814495120	0.6526519910
396	0.9688551140	0.6991889040	0.7080432450
397	1.0413382070	0.6714457900	0.6207245510
398	1.0003494290	0.6512133130	0.6213591850
399	1.0191737210	0.6702131960	0.6410013650
400	1.0133328800	0.6961251230	0.6746622890
401	0.9613481310	0.6553847030	0.6121832210
402	0.9975283710	0.6546000920	0.6321526950
403	0.9898132590	0.6860302120	0.6283061710
404	1.0184919570	0.6568350960	0.6983505590
405	1.0021480410	0.6695310090	0.6209196060
406	1.0981999830	0.6597298040	0.6409592450
407	0.9812281220	0.6734960150	0.6344648760
408	1.0113054350	0.6703485690	0.6178563330
409	0.9759557210	0.6876017720	0.6603412310
410	0.9963683840	0.6642002070	0.6283545020
411	0.9978674270	0.6509063370	0.6120692780
412	1.0882773770	0.7044026040	0.6332857060
413	0.9696352960	0.6529892910	0.6529499800
414	1.0126490560	0.6966289670	0.6528414940
415	0.9915938910	0.6450789040	0.6421599890
416	1.0342661970	0.6739528420	0.6443639290
417	1.0123731220	0.7051019000	0.6956048760
418	1.0397109930	0.7028828350	0.7225862690
419	1.0007273010	0.6837362190	0.7422893470
420	1.0278724410	0.7099451950	0.6348909120
421	0.9609303710	0.6908528580	0.6369926260
422	0.9600336230	0.6523509340	0.6282559740
423	0.9811663730	0.6579796220	0.6456201830
424	0.9962220160	0.6556232420	0.6155767190
425	1.0071029620	0.6614197330	0.6131165590
426	1.0239819670	0.7055598990	0.6175370090
427	0.9828357760	0.6508574770	0.6374945390
428	0.9918149030	0.6744792810	0.6078552810
429	0.9806109680	0.6474531000	0.6341038120
430	0.9880574490	0.6664585690	0.6201826800
431	0.9654149230	0.6748140500	0.6516250050
432	1.0431681440	0.6753058700	0.6273207220
433	1.0493767840	0.6650602320	0.6313145410
434	0.9912069850	0.6616261130	0.6118572730
435	0.9643369300	0.7036590710	0.6679709910
436	1.0272158010	0.6847504940	0.6436296240
437	1.0531354370	0.6876132750	0.6568062370
438	1.1289575440	0.7318124420	0.6346899250
439	1.1608135890	0.7293359120	0.6488405550
440	1.0385018760	0.7261430110	0.7202680130
441	1.0492310100	0.6680199450	0.6558954490
442	1.0178521790	0.6820167410	0.6652062590
443	1.0189344470	0.6718763370	0.6419137180
444	0.9969449120	0.6776837360	0.6375523710
445	0.9854867640	0.6871659180	0.6596096560
446	1.0251250170	0.6563960420	0.6244047100
447	1.0172132780	0.6721559740	0.6468945900
448	1.0315841680	0.6529420400	0.6585761950
449	0.9868730690	0.6950635650	0.6108970840
450	1.0113611000	0.7172510840	0.6721421870
451	0.9657640970	0.6821742440	0.6219415330
452	1.0043321340	0.6474766480	0.6142180780
453	0.9937442530	0.6818123710	0.6493828970
454	0.9746043880	0.6839090870	0.6466314110
455	0.9633106510	0.6428140730	0.6148841350
456	0.9943218350	0.6672489860	0.7075387280
457	0.9718702480	0.6660354280	0.6191381110
458	0.9708701610	0.6542552480	0.6357535610
459	0.9716215510	0.6598658450	0.6668580590
460	1.0453695520	0.6599458510	0.6232456720
461	0.9738760410	0.6756044470	0.6479509930
462	0.9597984170	0.6938240340	0.6378421530
463	1.0047427720	0.6609898330	0.6311817970
464	1.0267580210	0.6687381530	0.6143554240
465	1.0054830970	0.6500987710	0.6225289640
466	1.0045273080	0.6594428420	0.6350179420
467	1.0097308130	0.6441472270	0.6672612460
468	0.9670846210	0.6631536180	0.6137953960
469	0.9791076690	0.6533757830	0.6211719870
470	0.9777150880	0.6734742130	0.6090792810
471	0.9676585070	0.6620214480	0.6516060250
472	0.9794356860	0.6641969490	0.6394668490
473	1.0063788790	0.6508102200	0.6309050730
474	1.0085474990	0.6899399850	0.6569604910
475	1.0011913580	0.6804619120	0.7185019630
476	0.9616953890	0.6771351880	0.6132826780
477	1.0223956060	0.6969952190	0.6168567630
478	0.9894146250	0.6678170540	0.6724255130
479	0.9642254700	0.6390860050	0.6408550420
480	0.9733716520	0.6434165270	0.6440925340
481	1.0259903630	0.6648667440	0.6351518500
482	1.0246480110	0.6526442920	0.6332321940
483	1.0486331650	0.7153159910	0.6226568450
484	0.9689525880	0.6835030060	0.6322030690
485	0.9761786360	0.6679705830	0.6900932380
486	0.9778983790	0.6452449380	0.6252256910
487	0.9764752560	0.6808577700	0.6894607210
488	0.9798946800	0.6561679160	0.6450089960
489	1.0450208920	0.7068036670	0.6836818390
490	0.9974675710	0.6784037140	0.6146291580
491	0.9918849870	0.6661322150	0.6545523170
492	0.9993457460	0.6617082650	0.6153680870
493	1.0112820800	0.6435019660	0.6152772150
494	0.9719195960	0.6435560530	0.6591701320
495	0.9782975380	0.6683472070	0.6344522540
496	1.0461549440	0.7241119870	0.6409162620
497	0.9726265160	0.6990388540	0.6259367950
498	0.9601636490	0.7116178110	0.6138604070
499	0.9762007470	0.6472095510	0.6927951100
500	0.9688724660	0.6748008410	0.6468572030
501	0.9950811190	0.6705754490	0.6217819870
502	1.0139757540	0.6762099730	0.6188347000
503	1.0242627940	0.6476221140	0.6474656360
504	1.0025400700	0.6429989730	0.6876999010
505	1.0124825670	0.6687816280	0.6326796940
506	0.9601695310	0.6443715260	0.7010524960
507	0.9795290170	0.7009892630	0.6244525630
508	0.9866959620	0.6408527940	0.6531805570
509	1.0174484970	0.6978651620	0.6474303280
510	0.9755685980	0.6487559810	0.6475035370
511	0.9628869390	0.6622134660	0.6228159230
512	1.0218845160	0.6457810200	0.6168756210
513	0.9858752340	0.6781467570	0.6116115490
514	1.0067373000	0.6443510180	0.6362384410
515	0.9661193530	0.6796527170	0.6124546140
516	0.9937229220	0.6566442360	0.6086454220
517	0.9614402080	0.6561555030	0.6173112490
518	1.0649007500	0.6502751850	0.6591177450
519	0.9869126400	0.7262592300	0.6197286720
520	0.9918002070	0.6408080810	0.6095669130
521	0.9722429010	0.6750653890	0.6407194350
522	0.9716452670	0.6869468490	0.6328854680
523	0.9931472220	0.6419987030	0.6088592060
524	1.0046136370	0.6535975040	0.6135352090
525	0.9808283380	0.6543930170	0.6306191500
526	1.0156282600	0.6823027630	0.6144324050
527	0.9608739520	0.6481767110	0.6885533590
528	1.0136608340	0.6620163150	0.7018965460
529	1.0028787850	0.6519404060	0.6211959380
530	1.0169181850	0.6676778450	0.6246189050
531	0.9895477330	0.6755041700	0.6676743610
532	0.9762165720	0.7563620950	0.6334289960
533	0.9858479100	0.6752060450	0.6608978620
534	0.9772646880	0.6695229620	0.6204644460
535	0.9762286720	0.6724638590	0.6272895920
536	0.9696570100	0.6554885160	0.6256880200
537	0.9961470290	0.6455413950	0.6468050910
538	1.0129322250	0.6652267140	0.6127606040
539	0.9751671150	0.6758305280	0.6308211630
540	1.0034956680	0.6906612560	0.6227399850
541	1.0214621390	0.6687983570	0.6324177790
542	1.0391673000	0.6508968660	0.6641972570
543	1.0124767300	0.6752588000	0.6603632620
544	0.9755204400	0.6608673400	0.6732415070
545	0.9894651350	0.6856899810	0.6107934170
546	1.0005223730	0.6705056450	0.6203583780
547	0.9726440190	0.6682154800	0.6374061180
548	0.9844422330	0.6442252080	0.6282036190
549	1.0476432610	0.6719897190	0.6189785870
550	1.0135462740	0.6576222380	0.6216236710
551	0.9888442390	0.6548049260	0.6235681630
552	0.9789100100	0.6546516110	0.6759256530
553	0.9659287750	0.7147460190	0.6352291540
554	0.9758894760	0.6504132860	0.6123589290
555	0.9960700070	0.6582389340	0.6300329300
556	1.0128374620	0.6632740530	0.6376980500
557	0.9692538060	0.6868235080	0.6623883120
558	0.9712552390	0.6744886920	0.6307482730
559	0.9960666210	0.6423101100	0.6392613580
560	1.0027569070	0.6791697140	0.6419266990
561	0.9657308070	0.6469457900	0.6486744850
562	0.9611039010	0.6607944380	0.6441039850
563	1.0020322850	0.6501169990	0.6129403940
564	0.9559313430	0.7503067110	0.6110767750
565	1.0016229290	0.7303550480	0.6429757830
566	0.9631799480	0.6608676240	0.6390954300
567	1.0174446380	0.6711567580	0.6587016610
568	0.9666051970	0.6626311720	0.6417879610
569	0.9800142430	0.6868505360	0.6349204200
570	1.0138617430	0.6416871030	0.6106357110
571	0.9962783680	0.6655661990	0.6320388670
572	1.0106432400	0.6792168190	0.6347489950
573	0.9614200810	0.6789817560	0.6402875000
574	1.0331083000	0.6985425590	0.6470858170
575	0.9622738020	0.7226997040	0.6114626610
576	1.0004759580	0.6497559930	0.6131580630
577	1.0117301300	0.6940274870	0.6425388880
578	1.0156158730	0.6507419000	0.6414271440
579	1.0348955280	0.6587682280	0.6171074560
580	1.0589040910	0.6766959620	0.6347865090
581	1.0043088700	0.6570578780	0.6099019180
582	0.9633996170	0.6751858720	0.6438983030
583	0.9731384380	0.6805023790	0.6513468070
584	1.0304043690	0.6688969830	0.6293506930
585	1.0043879110	0.6478659140	0.6617376460
586	0.9825683680	0.6602073390	0.6142766190
587	0.9935539840	0.6618065710	0.6456859640
588	0.9640581710	0.6570096190	0.6375294720
589	1.0033898160	0.6441884190	0.6262328640
590	0.9620826290	0.6814865100	0.6181706890
591	0.9893432300	0.6639150080	0.6750259440
592	0.9746810130	0.6998091670	0.6941448830
593	1.0533185070	0.8268176010	0.6595372740
594	1.1069455730	0.6627989340	0.6497252400
595	1.0113797820	0.6512709520	0.6292984110
596	0.9624278350	0.6720513260	0.7600167000
597	0.9742977180	0.6711577520	0.6497051070
598	1.1032316440	0.6951405730	0.7055427720
599	1.1455209890	0.6461465830	0.6588746790
600	0.9930729820	0.7744646740	0.7428631120
601	1.0239760090	0.6536586640	0.6763680200
602	1.3288917090	0.6739681420	0.7276720700
603	1.0102580460	0.6602331770	0.6138793810
604	1.0515955870	0.6790273130	0.6375215210
605	1.0290778940	0.6936699070	0.6228217440
606	0.9640584140	0.7036772430	0.6505170350
607	0.9885891860	0.6899735480	0.6204994490
608	1.0496678490	0.6587722300	0.6371428650
609	1.0061047280	0.6811408350	0.6446869320
610	0.9769341790	0.6882710240	0.6194687200
611	0.9709684790	0.7018897910	0.6159883110
612	1.0013400040	0.7191031060	0.6547437190
613	1.0056816320	0.6529147340	0.6956843210
614	1.0260534810	0.6712376870	0.6263347270
615	0.9960193140	0.6698866980	0.6724835360
616	1.0188986820	0.7285233670	0.6496427990
617	1.0302752590	0.6595823240	0.6321766490
618	1.0279988940	0.7355854210	0.7972214170
619	1.0451061780	0.7127269300	0.6544639770
620	1.0369533020	0.6842035650	0.7529535920
621	1.0406440320	0.6751548590	0.6577193040
622	1.0372080870	0.6892194390	0.6243472080
623	1.0037793480	0.6575721730	0.6407874770
624	0.9979405510	0.7336311130	0.6297068320
625	0.9626391580	0.7261280970	0.6262095600
626	1.0044277390	0.7359819870	0.6341233680
627	1.0198386620	0.6825191320	0.6748229350
628	0.9946728920	0.6605655410	0.6351118940
629	0.9616852400	0.6761957120	0.6385714830
630	0.9705121570	0.6497452720	0.6827076760
631	0.9811738740	0.6421318110	0.7050917350
632	0.9707621980	0.6732548210	0.6186724300
633	0.9703384680	0.6852230200	0.6306554870
634	1.0016476130	0.6410359050	0.6379422630
635	0.9666950900	0.7344480570	0.6231406450
636	1.0388106920	0.6630385460	0.6818984990
637	0.9881058580	0.7012409010	0.6260326330
638	0.9678099850	0.7035354090	0.6424281630
639	0.9826548210	0.6638551860	0.7020593570
640	0.9880460910	0.6429380080	0.6168529860
641	0.9835497310	0.6810566100	0.7645982030
642	1.0213703950	0.7188293350	0.6231952020
643	0.9589720420	0.6736642790	0.6384504760
644	1.0588935720	0.6736122080	0.6329977420
645	1.0043103810	0.6682116110	0.6157327070
646	0.9796249940	0.6590781250	0.6217579470
647	1.0362996530	0.6601280610	0.6426031260
648	0.9703761040	0.6434025170	0.6327526550
649	1.0070911450	0.6739743370	0.6116663700
650	1.0696615450	0.6739350990	0.6212199700
651	1.0116426400	0.7089553890	0.7017665420
652	1.0470682060	0.6631295950	0.6292608260
653	0.9804952300	0.7057905080	0.6121020500
654	1.0245143690	0.6971752770	0.7251887310
655	1.0053204300	0.6868403270	0.6224395380
656	0.9676474790	0.6405093250	0.6357675650
657	0.9656397380	0.7030918260	0.6542193140
658	0.9853822770	0.6524660760	0.6300171770
659	0.9597985490	0.6744182150	0.6164128510
660	0.9747541550	0.6694483010	0.6599176460
661	1.0125048790	0.6798303050	0.6140885650
662	0.9793957780	0.6522432170	0.6836637470
663	0.9720024670	0.6909551320	0.6204693720
664	1.0244485570	0.6446027940	0.6280246830
665	1.0822975000	0.6730150320	0.6155429210
666	0.9820257080	0.6403290980	0.6343876240
667	1.0058890920	0.6460039560	0.6497284480
668	0.9621432070	0.6831649250	0.6137439730
669	1.0655188950	0.6822832210	0.6614696700
670	0.9660874440	0.6860904840	0.6265656920
671	0.9807310980	0.6795629530	0.6732879360
672	0.9864130300	0.6793250810	0.6219109830
673	1.0034001280	0.6587887340	0.6425244900
674	0.9785897870	0.6461800280	0.6147191740
675	1.0092989760	0.6650058450	0.6311030160
676	0.9704953360	0.6542986090	0.6161484880
677	0.9655105610	0.6420381770	0.6655911540
678	0.9965093860	0.6817779530	0.6323165110
679	1.0153911800	0.6857411840	0.6432880650
680	1.0080479370	0.6602592190	0.6304130750
681	1.0069281350	0.6756187110	0.6157322770
682	1.0000652860	0.6730091690	0.6362048760
683	0.9832048480	0.6559839800	0.6600379800
684	0.9883590290	0.6552285010	0.6365471710
685	0.9701640230	0.6796186600	0.6167122800
686	0.9810953020	0.6464799100	0.6438442570
687	1.0534072630	0.6771027660	0.6737751730
688	0.9979752790	0.6485528920	0.6122343090
689	1.0721590940	0.6948916260	0.6175306560
690	1.0800605910	0.6447169390	0.6214233720
691	0.9749952190	0.6823188750	0.8246408230
692	1.2734524280	0.6487887770	0.6566549450
693	1.2075667500	0.6964242530	0.6336475160
694	1.0189278310	0.8177239290	0.7873532730
695	1.2298865200	0.6955392740	0.8634898540
696	1.0210033300	0.7395545200	0.6703921420
697	1.2394021000	0.9044064130	0.6324687760
698	0.9834293760	0.7912780290	0.6715075910
699	1.0175020970	0.7879234710	0.7472786860
700	0.9924098330	0.6511173550	0.6298187360
701	1.0287867710	0.6549429660	0.6361287610
702	1.0122607970	0.6512763950	0.6481665370
703	0.9836525670	0.6688228700	0.6337323700
704	1.0361175620	0.6573118690	0.6973833580
705	1.0549088930	0.7830518760	0.6687945270
706	0.9877519990	0.6947365500	0.6105226310
707	0.9875226530	0.6481249270	0.6355739140
708	1.0039955590	0.6643237250	0.6684091440
709	1.0080051370	0.6496085370	0.6124177630
710	0.9621353170	0.6661252800	0.6726443520
711	1.0321834160	0.6674521460	0.6266126040
712	0.9783788120	0.6819652490	0.6219916190
713	1.0057199930	0.6763812740	0.6402236360
714	1.0135649000	0.6481832380	0.6228249440
715	0.9655116360	0.6904225890	0.6122048590
716	1.0010782210	0.6775905700	0.6613257540
717	1.0044497780	0.6889427610	0.6272863260
718	0.9814578390	0.6607520140	0.6142271520
719	0.9899549130	0.6609464570	0.6388108010
720	1.0098666420	0.6871242330	0.6809796410
721	0.9630846710	0.6735686470	0.6161752330
722	1.0191265110	0.6594658690	0.6156253030
723	0.9826995780	0.7098362110	0.7056205240
724	0.9717090370	0.6444957890	0.6490988310
725	0.9664277890	0.6534156340	0.6404507590
726	1.0102269890	0.6941072340	0.6171554940
727	1.0622299000	0.7234233390	0.6131466360
728	1.0128765160	0.7582311680	0.6211632050
729	1.0331388980	0.6710207280	0.6718369290
730	0.9699562390	0.6409141250	0.6129862320
731	0.9791199400	0.6408025880	0.6347656840
732	1.0260245420	0.6879261490	0.6135375510
733	0.9780487880	0.6644287830	0.6439156160
734	0.9645000370	0.7048491980	0.6115713260
735	1.0042550160	0.6698480310	0.6183930580
736	1.0588450460	0.6442718820	0.6140043130
737	0.9669934690	0.6447702320	0.6490207080
738	0.9673025020	0.6629354090	0.6710718160
739	0.9799162940	0.6414403660	0.6096626060
740	0.9858424880	0.6515958680	0.6277516470
741	0.9694297350	0.6611318220	0.6184973350
742	0.9792558850	0.6408292320	0.6420807450
743	0.9923869260	0.6754949030	0.6676114230
744	0.9724559220	0.6533908720	0.6109155180
745	0.9646168400	0.6628928460	0.6350946020
746	0.9929452140	0.6449628250	0.6244759870
747	0.9726390940	0.6546552040	0.6095355490
748	0.9763937900	0.6429588500	0.6142157030
749	0.9683207570	0.6555238860	0.6118475840
750	1.0067012000	0.6412185520	0.6360937600
751	1.0222743370	0.6448665920	0.6222683860
752	1.0004176910	0.6763237220	0.6528375700
753	1.0015714970	0.7306496390	0.6404429640
754	0.9575515220	0.6615483300	0.6461152540
755	0.9639650400	0.6621501220	0.6142632950
756	0.9725404440	0.6464557410	0.6317086790
757	0.9972970880	0.7398909260	0.6268154190
758	1.0068551790	0.7166717630	0.7144306230
759	1.0395913080	0.6417750770	0.6098420460
760	1.0506196090	0.6959705110	0.6639118010
761	1.0805104290	0.6707650040	0.6274383880
762	1.0992831540	0.7314030660	0.6733594920
763	1.0534625020	0.6987457400	0.7643343620
764	1.0315502560	0.6727070450	0.6257385010
765	1.0019083080	0.6573822880	0.6221705420
766	0.9951263900	0.6599029330	0.6266053500
767	0.9607420810	0.6644907180	0.6346952950
768	0.9870643810	0.6854854330	0.6608742140
769	0.9777064090	0.6610906760	0.6322481440
770	0.9892696820	0.6646290620	0.6340969080
771	1.0031457430	0.6768649050	0.6671689070
772	1.0063236140	0.6637221260	0.6614363340
773	0.9643058620	0.6724538260	0.6407897430
774	0.9947472000	0.6765649110	0.6527863110
775	0.9879821370	0.6647163860	0.6208081230
776	0.9662192350	0.6694602560	0.7004720590
777	0.9840662810	0.6636811190	0.6159523590
778	0.9785495480	0.6465578800	0.6101222510
779	0.9785504100	0.6524004910	0.6345257430
780	0.9886562180	0.6702841340	0.6461112850
781	0.9994693690	0.6476807410	0.6739061500
782	1.0816599790	0.6653352120	0.6211256940
783	1.0014307040	0.6538731120	0.6248941230
784	1.0151616510	0.6873978150	0.6276292060
785	0.9671542100	0.6426475450	0.6242310810
786	0.9687298100	0.6466327540	0.6129797620
787	1.0156007770	0.6467395810	0.6149894340
788	0.9811800180	0.7021796950	0.6410605290
789	1.0049836410	0.6636338640	0.6596247880
790	0.9981180230	0.6786571500	0.6371642760
791	1.0230286350	0.6949393670	0.6402933880
792	1.0341819380	0.6579636480	0.6111666250
793	0.9647818370	0.6582084200	0.6564326220
794	1.0416199170	0.6512229110	0.6133371960
795	1.0060045780	0.6496975160	0.6572964840
796	1.0659300510	0.7088108270	0.6243467210
797	1.0027405890	0.6794417860	0.6183142440
798	1.0935841930	0.6794705890	0.6604235650
799	0.9825111310	0.6422888130	0.6305595270
800	1.0000438960	0.6826797040	0.7200439280
801	1.0163420590	0.6824481920	0.6319943540
802	0.9664920670	0.7192988210	0.6388989590
803	0.9855824150	0.6731804100	0.6208658040
804	1.0199139460	0.6722262120	0.6628645590
805	1.0327413490	0.6532997930	0.6159810230
806	0.9771258190	0.6768293900	0.6386673210
807	0.9897526160	0.6906060890	0.6346850320
808	1.0052924940	0.6724691020	0.7233357170
809	1.1600034570	0.6845518320	0.6330284160
810	1.0338228150	0.7024322080	0.6649190040
811	1.1228505720	0.7196686460	0.6515590590
812	1.1107570230	0.7523392300	0.7644004080
813	1.1905645050	0.6942719250	0.6873462900
814	1.0967454150	0.7033796510	0.6582219260
815	1.0719648970	0.8657966610	0.6716913230
816	1.0522631800	0.9731487160	0.6618524900
817	1.0289888010	0.7187852060	0.6405564560
818	1.0456531280	0.8109141040	0.6373969470
819	1.1462506230	0.6904906740	0.6818996180
820	1.0074359410	0.7920238770	0.6448018460
821	1.3460753690	0.6605944000	0.7680372320
822	1.3155443470	0.7348046220	0.6420577500
823	1.1577810430	0.6714934010	0.7725472120
824	1.0210580290	0.6671350300	0.6131979680
825	0.9598250630	0.6482467950	0.6617879270
826	1.0026186290	0.6639905400	0.6752659920
827	0.9900305300	0.7086226180	0.6515243950
828	1.0058765410	0.6856863830	0.6304596590
829	0.9998384880	0.6815258540	0.6293508410
830	1.0624527490	0.6691508080	0.6446426050
831	0.9846157120	0.7004574780	0.6757093640
832	1.0490350080	0.6407325150	0.6835280640
833	0.9874213960	0.6708939640	0.6361630640
834	0.9677978080	0.7068408430	0.6566786490
835	0.9661867770	0.6481992980	0.6525921610
836	1.0166688910	0.6527992470	0.7003123960
837	1.0065646760	0.6609731370	0.6594911520
838	0.9708571750	0.6693316080	0.6321936970
839	0.9691284780	0.6815055270	0.6380498790
840	1.0324641440	0.7838604050	0.6185106100
841	1.4040627250	0.7142572300	0.6352202530
842	1.0226752430	0.6956563540	0.9190600230
843	1.4419313630	0.7096727880	0.6268034320
844	0.9821870930	0.6911780120	0.6953455270
845	1.0292348030	0.7286055990	0.7606532420
846	1.1197267020	0.6478462080	0.6232632340
847	1.0712115210	0.6928778470	0.6701302920
848	1.0227025490	0.6610533730	0.6365228170
849	1.0410148060	0.6979265750	0.6440458020
850	0.9612307750	0.6734287600	0.6770512100
851	1.0229620690	0.7025991830	0.8708881720
852	1.0477937480	0.6796312520	0.8298441660
853	1.0976734520	0.6757655850	0.6527650900
854	1.0140252270	0.6718708440	0.6379168060
855	1.0112719400	0.6631793740	0.7368737150
856	1.0243998200	0.6438929590	0.6096536180
857	1.0025624670	0.6778539860	0.7696246920
858	1.0225708870	0.6671988780	0.6491487900
859	1.0083730060	0.6810896550	0.6145184960
860	1.1524818760	0.7614193310	0.6624063400
861	1.0499168290	0.6553789980	0.6478874260
862	1.0027514090	0.6807354120	0.6569786380
863	1.0099689050	0.6609904150	0.6404064010
864	1.0374043860	0.6588792500	0.6122235590
865	0.9610243050	0.7159192270	0.6430152440
866	0.9582305030	0.6959124790	0.6627760180
867	1.0238856360	0.6477770050	0.6494326900
868	1.0036963260	0.6667003410	0.6413156910
869	0.9988655530	0.6448336690	0.6415300790
870	0.9713354260	0.6882720670	0.6597557720
871	1.0157974260	0.6557727840	0.6416627250
872	1.0423211490	0.6761104140	0.6326482240
873	0.9672365180	0.7078097180	0.6323005090
874	1.0294957400	0.6520878750	0.6219199620
875	0.9704195780	0.6529527750	0.6190109540
876	0.9805348920	0.7666475810	0.6314342150
877	0.9784878070	0.6955635600	0.6697825970
878	0.9902956200	0.6614721860	0.6415980770
879	0.9762101040	0.6548072970	0.6108244390
880	1.0315782180	0.6939027450	0.6448879050
881	1.0033039350	0.6740541120	0.6384174980
882	0.9741956600	0.6720858660	0.6280078400
883	1.0257994160	0.6912846810	0.6291691010
884	1.0159107010	0.6733355300	0.6158247730
885	1.0200805430	0.6558199750	0.6144900600
886	1.0394238900	0.7110085220	0.6559449920
887	0.9930699200	0.6808829000	0.6802442220
888	1.0069448260	0.6798468430	0.6579339270
889	1.1026587990	0.6395697770	0.6527302710
890	1.0010198070	0.6659988090	0.6533513380
891	0.9924337840	0.6677578380	0.6418992890
892	1.0004639480	0.6403416880	0.6455510320
893	0.9818645810	0.6711462420	0.6262213720
894	1.0406742860	0.6613225160	0.6176996250
895	1.0161817990	0.6583944060	0.6311582900
896	1.0029994950	0.6519319660	0.6455155260
897	0.9546921680	0.6437302450	0.6100210110
898	1.0515369910	0.6456220530	0.6438778920
899	1.0026016810	0.6817026780	0.6417584620
900	1.0427149080	0.7269378040	0.6462478220
901	0.9797127840	0.6810918800	0.7307758980
902	1.2238702460	0.7155559300	0.6101088470
903	0.9970189200	0.6414124620	0.6320361020
904	0.9782697760	0.7023268400	0.6379402150
905	1.0213375640	0.6763027620	0.6712916280
906	1.0087061860	0.7151674850	0.6810395440
907	1.0759832480	0.6907013810	0.6561344080
908	1.0108346680	0.6918329170	0.6516636200
909	0.9942621520	0.6637924460	0.6105495770
910	0.9642966890	0.6467031340	0.6168230250
911	0.9867085590	0.6710466430	0.6190985820
912	1.0203030820	0.6922099660	0.6793362670
913	1.0012860790	0.6738439950	0.6328236410
914	0.9702171400	0.7095044670	0.6450373720
915	0.9687112680	0.6673091370	0.6369104070
916	1.0159883510	0.6726191650	0.6691921030
917	1.0067706480	0.6894694840	0.6225617930
918	0.9710636380	0.6645806320	0.6310556130
919	1.0041110130	0.6796334870	0.6297027180
920	0.9883399830	0.7002238990	0.6245688650
921	1.0515807450	0.6425069240	0.6410067250
922	0.9661091960	0.6797911140	0.6228766630
923	0.9590467420	0.7049195800	0.6451306060
924	0.9691594260	0.6464771530	0.6091193130
925	1.0645412320	0.6525868850	0.6834341910
926	0.9805967580	0.6883075010	0.6421028930
927	1.0031700690	0.6820510000	0.6340484310
928	0.9711514260	0.6405339640	0.6091513040
929	0.9742189330	0.6552969850	0.6320137690
930	1.0342395140	0.6914527300	0.6093643920
931	0.9906454780	0.6437681070	0.6527913450
932	1.0072366560	0.7025154050	0.7115095520
933	0.9711184730	0.6958725510	0.6983953660
934	0.9912754030	0.6748028790	0.6422630500
935	0.9937251220	0.7362460030	0.6140751130
936	0.9920354020	0.6438651590	0.6277887620
937	0.9992434550	0.6702756460	0.6351901200
938	1.0326202750	0.6427034170	0.6153251560
939	0.9744873190	0.6757803310	0.6095010690
940	0.9733395360	0.6432740810	0.6309373660
941	0.9633849970	0.6725001330	0.6288511670
942	1.0589276230	0.6426675790	0.6607481660
943	1.0156050910	0.6758579570	0.6872094940
944	0.9579499310	0.6748306570	0.7313110470
945	1.0487721920	0.6640382900	0.6181133640
946	1.0187482780	0.7352342120	0.6224828580
947	0.9829167760	0.6461740810	0.6298729540
948	0.9903009720	0.6972359430	0.6176175920
949	0.9769790890	0.6800085700	0.6494349690
950	0.9726249870	0.6767052720	0.6315371380
951	1.0166083450	0.6450391370	0.6234592280
952	1.0129564230	0.6755146710	0.6225589880
953	1.0030791960	0.7198971220	0.6292598740
954	0.9855657450	0.6459959320	0.6535137370
955	1.0074594020	0.6505648890	0.6834036620
956	1.0134891590	0.6530008200	0.6116863330
957	0.9865836510	0.6783175220	0.6505507560
958	0.9693238040	0.7025725790	0.6504061240
959	1.0268320500	0.6655071230	0.6161230400
960	0.9838164150	0.6633402260	0.6133300140
961	1.0055852700	0.6580288800	0.6091926060
962	0.9604064340	0.6515494380	0.6127416890
963	0.9810090520	0.6415237670	0.6458884690
964	0.9921995720	0.6463723070	0.6539123520
965	0.9913086370	0.7105032320	0.6281798560
966	1.0125239400	0.6841149990	0.7249871040
967	0.9919621570	0.6764398360	0.6203389190
968	1.0117614060	0.6759741710	0.7025404630
969	0.9653816650	0.6655015880	0.6358299080
970	0.9747349850	0.6766741480	0.6232371070
971	0.9777706810	0.6459418490	0.6368458130
972	1.0967133860	0.6556201680	0.7211196900
973	1.0068811350	0.6622069300	0.6506905520
974	0.9664585250	0.6931511040	0.6223506510
975	1.0027911730	0.6740121900	0.6575496320
976	0.9657646860	0.6633638650	0.6435148060
977	0.9807479810	0.6452382800	0.6360977930
978	0.9905574870	0.6646166950	0.6085201030
979	0.9798056580	0.7051851810	0.6603634250
980	0.9767984160	0.6429714310	0.6136267570
981	1.0021869860	0.7175580900	0.6314041590
982	0.9776339960	0.6811935160	0.6515101540
983	0.9555262960	0.6417663520	0.6811188670
984	0.9869590050	0.6454299900	0.6243795690
985	0.9859834180	0.6620093400	0.6195031580
986	0.9795259730	0.6792964540	0.6267397530
987	1.0080372640	0.6669142780	0.6441871610
988	1.0131935160	0.6515973030	0.6210132010
989	1.0043457720	0.6690753940	0.6313765370
990	1.0078279970	0.6499220000	0.6194672400
991	1.0156170410	0.6725694470	0.6078664110
992	0.9575288460	0.6414097120	0.6242140790
993	0.9629730530	0.6689905340	0.6295649800
994	0.9967165660	0.6665341830	0.6481300800
995	1.0020285500	0.6967424720	0.6120322050
996	1.0742675070	0.7222054210	0.6396658010
997	0.9598099590	0.6944068910	0.6515791520
998	1.0180870470	0.6503743140	0.6196502690
999	0.9650178300	0.7014473940	0.6157647490
