0	1.2358879340	0.7883237960	0.8303377620
1	1.2330052070	0.7830561470	0.7916156610
2	1.1917180300	0.8199787090	0.7692552380
3	1.1883258680	0.7791954650	0.7702869260
4	1.1881573040	0.8038429570	0.8630552610
5	1.2040819700	0.7777112320	0.7503534000
6	1.2236794600	0.7812007220	0.7821688110
7	1.2123488100	0.7776587370	0.7437576620
8	1.3268795860	0.8240998110	0.7518282870
9	1.2359002560	0.7803301040	0.7797040690
10	1.2008856410	0.7790202010	0.7445158760
11	1.1955415370	0.8012311920	0.7496459820
12	1.1805459880	0.7979853560	0.7986264940
13	1.2886783740	0.7988807510	0.7477127990
14	1.2763941620	0.7819017430	0.7616564900
15	1.1798724450	0.8949707110	0.7645655010
16	1.2377018300	0.8922103400	0.7656664710
17	1.2153678560	0.7805434360	0.7642963460
18	1.1865264660	0.7790086190	0.7481607430
19	1.2011414860	0.7810659550	0.7439354970
20	1.2011935380	0.7772369360	0.7455038420
21	1.2006695640	0.7801486330	0.8523976030
22	1.2125499180	0.7779817570	0.7435270250
23	1.2090969000	0.7802610810	0.7464231770
24	1.1789953740	0.7985874490	0.7435329600
25	1.2754252900	0.7931143760	0.7436455100
26	1.1864615990	0.7951481720	0.7446640110
27	1.1809939640	0.7780313410	0.7602266290
28	1.1803994610	0.7841163710	0.7632627480
29	1.1813889520	0.7788951160	0.7615561040
30	1.1865945480	0.7800802840	0.7680466690
31	1.2055848130	0.7784794850	0.7500579950
32	1.1990412670	0.7786044330	0.7465560760
33	1.2081657170	0.8118888860	0.7457891690
34	1.1998295450	0.7797087190	0.7477496150
35	1.2230485710	0.7801359620	0.7456280130
36	1.3111109330	0.8245871740	0.7449600060
37	1.1850035460	0.8000211110	0.7506855590
38	1.1833948640	0.7928602620	0.7931748590
39	1.2381053460	0.7790209200	0.7652180050
40	1.2412837120	0.7813945200	0.7627705280
41	1.1795309620	0.7788875710	0.7633525640
42	1.1805541450	0.7798364420	0.7508446340
43	1.2132976670	0.7825451270	0.7510193290
44	1.2141697890	0.8113795320	0.7467224510
45	1.2643790890	0.8435936500	0.7866700300
46	1.2244950220	0.8152458100	0.7630510430
47	1.2390355460	0.9146034060	0.8527992790
48	1.4844927410	0.8563975280	0.7910979490
49	1.2245259820	0.8026670700	0.9344241930
50	1.3749964370	0.8343253010	0.7695216600
51	1.2092694310	0.8156097680	0.7543189060
52	1.2173431120	0.7799337340	0.7509428100
53	1.2061849040	0.7974811650	0.7439665540
54	1.3138510570	0.8524128820	0.7826164760
55	1.4838026990	0.8572365280	0.9502441560
56	1.3584625000	1.0308239830	1.0635308620
57	1.2781683810	0.8778728370	1.0204932850
58	1.6343315300	0.8644129530	0.8677890630
59	1.2756875160	0.9169357190	0.7701100550
60	1.2295038260	0.7939499090	0.7642016250
61	1.2306788950	0.7767586070	0.7585120610
62	1.2028705050	0.7769336960	0.7477494780
63	1.1996681980	0.7905379480	0.7563784680
64	1.2163742720	0.8170600280	0.7518710260
65	1.2129236090	0.8233394570	0.8161386240
66	1.1836431350	0.8079217540	0.7559036240
67	1.1786547280	0.8020194410	0.7795839520
68	1.2436202850	0.7789458150	0.7833658920
69	1.2423320410	0.7846776230	0.7708506350
70	1.2303195080	0.7865971110	0.7662011110
71	1.1903770520	0.8213274670	0.8621588860
72	1.2313948910	0.8763906950	0.7667820480
73	1.2094643300	0.8070933410	0.7513928830
74	1.2223359480	0.7936208460	0.7850919840
75	1.2245003280	0.7839263860	0.7448878630
76	1.1985273020	0.7801791560	0.7475885160
77	1.2297822710	0.7816853300	0.7444592790
78	1.2003331520	0.7866457540	0.7452125450
79	1.1829204200	0.8034952080	0.7507799760
80	1.1982640580	0.7914974600	0.7447277840
81	1.1822371750	0.7884970430	0.7527623420
82	1.1941655450	0.7824584840	0.7643445870
83	1.2284807280	0.8112655110	0.7608958240
84	1.1845408090	0.7784622150	0.7608800470
85	1.1885017050	0.9270900270	0.7465373740
86	1.2542416690	0.7821318830	0.7452837980
87	1.2004883500	0.7856086350	0.7458706390
88	1.2011734040	0.8266606240	0.7496822300
89	1.1963545410	0.7841168460	0.7450297540
90	1.2000326460	0.7805043280	0.7460957590
91	1.1840562800	0.7962919080	0.7441062430
92	1.2239919590	0.9091001290	0.7438185690
93	1.2945385540	0.9124140070	0.7467913600
94	1.2654135010	0.8512990730	0.7457546790
95	1.2924923950	0.9047932970	0.7468027910
96	1.2654783160	0.8603942050	0.7459676490
97	1.2988128400	0.9086250760	0.7606997570
98	1.2781277130	0.8720951720	0.8553418960
99	1.2928852310	0.9640301190	0.9058688080
100	1.2854252960	0.7964451450	0.8251411380
101	1.2722500540	0.8815101550	0.7787691880
102	1.2505942420	0.8388873510	0.7949475530
103	1.2954180100	0.8975333690	0.7689153360
104	1.2903305050	0.7837792920	0.7750660140
105	1.2445843860	0.7916935990	0.7629696830
106	1.1864349730	0.7811634750	0.7572416790
107	1.1827918790	0.7805960090	0.7465555810
108	1.1991461730	0.7823598190	0.7497624420
109	1.2001150130	0.7823221690	0.7502140520
110	1.1970907790	0.7796876760	0.7477860990
111	1.1940845190	0.7843962100	0.7473956220
112	1.2955405980	0.7898863620	0.8095843000
113	1.1802716400	0.7976936980	0.7443782330
114	1.2350241010	0.7975045380	0.7480701900
115	1.1956771650	0.8192903410	0.7742270490
116	1.2249805960	0.8106085710	0.8366075160
117	1.2936925750	1.0806793840	0.8081705570
118	1.2969748060	0.9245488490	0.7482615020
119	1.1837573530	0.7822526000	0.7729709300
120	1.2798160850	0.8013851670	0.9521299150
121	1.2099680690	0.7800642320	0.7687689570
122	1.1961033400	0.8667780350	0.8130581300
123	1.2941633300	0.8905734310	0.7673565120
124	1.1839947730	0.8918668910	0.7702544590
125	1.2309672360	0.8160374780	0.7455626090
126	1.2088624410	0.7826823720	0.7483555570
127	1.2160382360	0.7800355010	0.7481946790
128	1.2047417650	0.7823277900	0.7471855540
129	1.2118335380	0.7789411740	0.7472450700
130	1.1977196430	0.7812537880	0.7491622980
131	1.2950558950	0.7999856710	0.7451171450
132	1.2891596290	0.7980362330	0.7463082150
133	1.1827927730	0.7998671150	0.7452216550
134	1.1853359870	0.7774982810	0.7707570280
135	1.2440286230	0.8261322780	0.7659046130
136	1.2383636110	0.7930316380	0.7753739950
137	1.1801058460	0.7989981960	0.8650906290
138	1.1838628620	0.7793523680	0.7447274900
139	1.2263579990	0.7814198830	0.7443258470
140	1.2075232710	0.7790766260	0.7482108810
141	1.2598158370	0.7814698000	0.7484825210
142	1.2130087610	0.7950084980	0.7491368550
143	1.2004084740	0.7821722060	0.7945707480
144	1.2498281680	0.7954890090	0.7664760680
145	1.2051267780	0.8291108000	0.8576948320
146	1.2158901910	0.9210638190	0.8859859860
147	1.2551869170	0.8303132000	0.8085660560
148	1.2901035930	0.8272081750	0.7570697400
149	1.2041984790	0.7980612320	0.7959782150
150	1.2080562320	0.8196607590	0.7566760620
151	1.2156477770	0.8032878860	1.0125482220
152	1.4760525210	1.1399963060	0.9934290080
153	1.6248630490	1.0424826250	0.9457855560
154	1.6020662540	0.9629668020	1.0145798300
155	1.7129247040	1.0283775660	1.0386757500
156	1.6910952900	1.0521200370	1.0793495070
157	1.6121306790	0.8840143870	0.7644352700
158	1.3074744610	0.8340006520	0.9333352200
159	1.4457372010	0.8546287400	0.7871695460
160	1.5295942190	0.8662727040	0.9824339580
161	1.3645565510	0.8556080450	0.8330053660
162	1.3889842660	0.8999932810	0.7925293690
163	1.2353557710	0.8138094250	0.7469092700
164	1.3155940570	0.7885753790	0.7501460380
165	1.1984147020	0.7829614090	0.7504043380
166	1.2029257090	0.7936268950	0.7503243450
167	1.2214527580	0.7990043470	0.7501934910
168	1.1856868370	0.7938350520	0.7497909200
169	1.2701049860	0.7856802430	0.7660765790
170	1.1835500560	0.7892269070	1.0151641100
171	1.2403387160	0.8298435670	0.7741801300
172	1.2458466830	0.8021194050	0.7618405620
173	1.1877266780	0.7798134450	0.8823596140
174	1.2543962120	0.8099660440	0.7810420930
175	1.2060612050	0.7845370040	0.7565926230
176	1.2009034630	0.7891471090	0.8360663300
177	1.3714501240	0.8561906220	0.7870851620
178	1.2309316970	0.7849951790	0.7729420060
179	1.3032424510	0.8447715960	0.7557125470
180	1.2300004040	0.7866320200	0.7580294180
181	1.3116615740	0.7943210070	0.7673603130
182	1.2031598160	0.7897705980	0.7543773760
183	1.2505642770	0.8960736230	0.7971277620
184	1.1928768010	0.8765196930	0.7535676920
185	1.1863391500	0.8042914510	0.7507435210
186	1.1876671780	0.8111766880	0.7506002490
187	1.1967952660	0.8265862860	0.7614297280
188	1.2452767740	0.8742568960	0.7619737010
189	1.1858503950	0.7794504730	0.7662340390
190	1.2342867260	0.8913222190	0.8014787220
191	1.3634170040	0.8573688910	0.7749923260
192	1.2965929200	1.0011627080	0.8715340770
193	1.2278725900	0.8700360030	0.7917973480
194	1.1911429040	0.7840542780	0.7645162770
195	1.1970566080	0.7880587420	0.7477980470
196	1.2110860870	0.7847036520	0.7514249040
197	1.2271669720	0.7824693020	0.8736986790
198	1.2044377480	0.8223466480	0.7653095330
199	1.2237924770	0.8033823450	0.8431789920
200	1.2271148250	0.8577897990	0.8031212930
201	1.2284761120	0.8004716800	0.7618530030
202	1.3281209940	0.7830207410	0.7490491860
203	1.1959863080	0.8192871680	0.7487835380
204	1.2986016040	0.8023712890	0.7566276480
205	1.2967259970	0.9094494920	0.7502593040
206	1.2607251460	0.8670884890	0.7535921380
207	1.2906516560	0.9641215400	0.8451687530
208	1.3113471390	0.9338176970	0.7575507090
209	1.1914767070	0.8901738790	0.7692616500
210	1.2502341850	0.8250032730	0.7545809180
211	1.2056740540	0.8931276380	0.7668127220
212	1.2093865220	0.8977783450	0.7640988360
213	1.2416115670	0.8930981910	0.7631680170
214	1.2375021130	0.8758486590	0.7705425380
215	1.2535869940	0.8922107400	0.7631913990
216	1.1851156130	0.8111705380	0.7688086900
217	1.2022348380	0.7785246880	0.7452282070
218	1.2215797990	0.7829347800	0.7514902650
219	1.2219479690	0.7776244680	0.7469108300
220	1.2701054120	0.7816931600	0.7542352980
221	1.2210409810	0.8933017110	0.7471562560
222	1.2744383150	0.7808691220	0.7607159780
223	1.1798564260	0.8009343120	0.7479902580
224	1.2952455000	0.8043953660	0.7460240650
225	1.2181719640	0.9114717470	0.7459649130
226	1.1864843340	0.8542686680	0.7914475060
227	1.1847532410	0.7954674660	0.7490840790
228	1.2031636540	0.7814779980	0.7674095370
229	1.1994103320	0.7836906280	0.7658606090
230	1.2484538930	0.8958110950	0.7651648820
231	1.1889656670	0.8919614560	0.7669361770
232	1.1859420040	0.7796942180	0.7478286820
233	1.1971582000	0.7787895650	0.7594644390
234	1.2008048660	0.7795700290	0.7501607700
235	1.2005685670	0.7945066120	0.7502467750
236	1.2056957270	0.7840119600	0.7456997740
237	1.2476496530	0.8237517080	0.7487131350
238	1.2876216910	0.8241098790	0.7483585110
239	1.3369248050	0.8586432580	0.7483882530
240	1.2690167160	0.9098576880	0.7454425170
241	1.2812498750	0.7944767740	0.7506083550
242	1.1882747410	0.7953910350	0.7661352050
243	1.1854910280	0.7849953240	0.7696932430
244	1.1868846940	0.7802508540	0.7732923150
245	1.1856465050	0.7842234730	0.7596092960
246	1.1860489030	0.7969890730	0.7498705440
247	1.2038503580	0.7818107790	0.7493441530
248	1.3115535370	0.8580915620	0.7493573650
249	1.2597368530	0.7822554760	0.7461964200
250	1.3039162980	0.8300436150	0.7476550070
251	1.2143010500	0.7804780110	0.7449772460
252	1.2168412930	0.7810163480	0.7510143720
253	1.1864335300	0.8017037560	0.7536584160
254	1.2869691720	0.7931869800	0.7550477020
255	1.1810717110	0.7980833730	0.7628413850
256	1.1864471630	0.7774744210	0.7686730990
257	1.1969287020	0.7819977540	0.7782696480
258	1.1842021560	0.7799370690	0.7583016200
259	1.1878971260	0.7951064890	0.7498408570
260	1.2005965560	0.7820910670	0.7468988230
261	1.1993587140	0.8104107260	0.7517368410
262	1.2020968480	0.7810291600	0.7500814890
263	1.2140911080	0.7864956290	0.7532163280
264	1.2782175190	0.7868167970	0.8020941580
265	1.2570968370	0.8514553940	0.7485729340
266	1.1896746940	0.8051498990	0.7477645130
267	1.1939397150	0.7970317960	0.7534368630
268	1.1847742990	0.8019692690	0.7621123680
269	1.1819093470	0.7825333070	0.7668843380
270	1.2286964660	0.7884860290	0.7749946420
271	1.2319102290	0.7834184390	0.7618552280
272	1.1918370270	0.7935460170	0.7455212250
273	1.2169862990	0.8034558370	0.7528604410
274	1.2020095860	0.7935708770	0.7765105080
275	1.2159200600	0.7847108820	0.7551850390
276	1.2116474080	0.8016252640	0.7486444490
277	1.2070324710	0.8398336040	0.8111821640
278	1.2790074350	0.7887274790	0.7473251820
279	1.2626790090	0.8860003010	0.7449837350
280	1.2733304250	0.9004247260	0.7564463610
281	1.2267734700	0.9287862840	0.7492698210
282	1.3316351740	0.9233026350	0.7841893170
283	1.2351471450	0.8081190870	0.7533957970
284	1.3306052330	0.8165409490	0.8260960390
285	1.2204903980	0.8330461740	0.7617120300
286	1.2645099470	0.7832538260	0.7677060320
287	1.1963826820	0.7816781220	0.7645920490
288	1.1861344850	0.9390388360	0.8220226620
289	1.2462257070	0.7932203060	0.7956150080
290	1.1939756570	0.8347293250	0.7843989610
291	1.1991797510	0.7809375340	0.7496580890
292	1.2049123530	0.7806345820	0.7517729860
293	1.2450108100	0.9007104140	0.7595427450
294	1.2203184100	0.7830472250	0.7797938720
295	1.2285567480	0.7946599830	0.8469080380
296	1.3144942570	0.8285738430	0.7694359140
297	1.2140184850	0.8497826210	0.7750458940
298	1.3153224530	0.8497133690	0.7923726260
299	1.2267037840	0.8138548240	0.7589619960
300	1.1849134410	0.8543075350	0.7642416340
301	1.2437307990	0.8562870790	0.7463040360
302	1.1911773950	0.8128016520	0.7582068050
303	1.2995365700	0.8304928670	0.7696603210
304	1.2080907680	0.8304232570	0.7651593920
305	1.2750967280	0.8532078520	0.7887283680
306	1.2145947070	0.7897143560	0.8093095580
307	1.2153633930	0.8260231490	0.7778360330
308	1.2340084950	0.8113086320	0.7875259450
309	1.2179940170	0.7997027870	0.7514084550
310	1.2581635730	0.8372619430	0.8547684770
311	1.2193006140	0.7842443130	0.7841374490
312	1.2203151890	0.8241058660	0.7461101890
313	1.2115864830	0.7798640380	0.7492117130
314	1.2068430780	0.7864716640	0.7943334900
315	1.2446298240	0.8878757250	0.8095867790
316	1.2278047340	0.7887946720	0.7832477840
317	1.1835931170	0.8042153310	0.7619665120
318	1.2278729720	0.8008242300	0.7481666950
319	1.1892821860	0.7975172610	0.7491404580
320	1.2470369250	0.8593535460	0.7496015850
321	1.2437851780	0.8932842080	0.7787649730
322	1.1897387620	0.7844157900	0.7639861750
323	1.1834403080	0.7825219080	0.7852010390
324	1.1827948480	0.7822218030	0.7495314540
325	1.2112466770	0.7855815460	0.7513757010
326	1.2095006070	0.7932756780	0.7493822300
327	1.2027302980	0.7825428140	0.7581692660
328	1.2071206560	0.7805429580	0.7460483350
329	1.2868271140	0.7848504770	0.7887366050
330	1.3847977320	0.8139310210	0.8274659460
331	1.5378611010	0.9174758670	0.7861352800
332	1.2050686300	0.7903329770	0.8054641550
333	1.2022860410	0.8013094620	0.7638138790
334	1.2236824630	0.8228229520	0.7602168870
335	1.2066228790	0.8104003320	0.7474409070
336	1.1970886110	0.7984530290	0.7797745540
337	1.4111546210	0.9897605690	0.9316721410
338	1.3630581080	0.8718687660	0.8333147750
339	1.4270579720	0.8699887410	0.8042553250
340	1.2802472630	0.8807250900	0.8049877310
341	1.4423510680	0.8659938340	0.8198487710
342	1.2325345560	0.9314745630	0.7744343260
343	1.2898949620	0.8581181870	0.7935875350
344	1.2566740220	0.9094123410	0.7647301390
345	1.3837241440	0.9081577240	0.8048569670
346	1.2528299490	0.9195058850	0.7681526550
347	1.2195734770	0.8033180320	0.7472160350
348	1.1887234230	0.9020728380	0.7463956570
349	1.3033438940	0.7958950090	0.7549483770
350	1.1865224670	0.7821816990	0.7774367470
351	1.1875856080	0.7854479950	0.7725615840
352	1.3568789600	0.7800025210	0.7662780220
353	1.1979049430	0.7829440620	0.7538425060
354	1.2397925730	0.8742329430	0.7474954420
355	1.2084435470	0.7795966870	0.7487776300
356	1.2046395590	0.7808508150	0.7482677010
357	1.2062957750	0.7794079620	0.7494221100
358	1.2180573630	0.7799024330	0.7471046070
359	1.1887813560	0.8135337930	0.7460875520
360	1.1848965250	0.7965659190	0.7485979750
361	1.1821949520	0.7961725330	0.7589319650
362	1.1905808390	0.7855514680	0.7635213180
363	1.2461452210	0.8682077270	0.7666059660
364	1.2370826160	0.8411830900	0.7665574560
365	1.2246303590	0.8151610230	0.7653217720
366	1.1803490100	0.7783849810	0.7597360810
367	1.1931453820	0.7819271170	0.7482761430
368	1.2066654140	0.7850694940	0.7479748920
369	1.2166237610	0.7842558220	0.7524821170
370	1.2098020590	0.7988709220	0.7575191890
371	1.2534184390	0.7908876620	0.7604485320
372	1.2008661900	0.8072415200	0.7618959860
373	1.2521381410	0.8053885530	0.7474167070
374	1.1904135510	0.8078067360	0.7529247490
375	1.2204533240	0.7941927140	0.7529020090
376	1.1875480450	0.8133423110	0.8116371480
377	1.2005396930	0.8103186810	0.7593944370
378	1.1871398790	0.7800385170	0.7671740110
379	1.1849710120	0.7838949630	0.7494048980
380	1.2013966840	0.7798335470	0.7510486200
381	1.2131635500	0.7872935420	0.7462978310
382	1.2108617940	0.7821913080	0.7501877550
383	1.2637233020	0.8943137460	0.7550455150
384	1.2077249510	0.7919358840	0.7628401550
385	1.2707666190	0.7877276900	0.8383242970
386	1.2009136620	0.7983133790	0.7492195550
387	1.2002746950	0.8076870260	0.7507567930
388	1.3138908130	0.8060088650	0.7534959890
389	1.2303196670	0.8079551460	0.7562327070
390	1.2469733440	0.8775262650	0.7553487050
391	1.2019929750	0.7872894020	0.7684837710
392	1.2270807590	0.9098894360	0.8865228300
393	1.2978324590	0.7814631420	0.7697722320
394	1.2008974550	0.7857051530	0.7680183100
395	1.2384178830	0.7985268960	0.9013505490
396	1.2346778430	0.8296651680	0.8047347320
397	1.2344898350	0.7832630630	0.7672219710
398	1.2126620860	0.7794745000	0.7533376470
399	1.2378251420	0.7865193490	0.7629066990
400	1.2190058570	0.7939997440	0.7661451090
401	1.2246351430	0.7976438870	0.7773868610
402	1.2676544820	0.7979696510	0.7521209520
403	1.2966827790	0.8076986440	0.7963078830
404	1.2131289790	0.8210912560	0.7578937790
405	1.2223066840	0.8048405530	0.7469407970
406	1.2500630530	0.7994187470	0.7488968060
407	1.2674448640	0.8151418530	0.7833306550
408	1.1817035640	0.7788405160	0.7776127160
409	1.1912557200	0.7836116170	0.7627907870
410	1.2640321780	0.8542826000	0.7626261220
411	1.2468240120	0.7819308910	0.7446070780
412	1.1984020270	0.7894215450	0.7567789850
413	1.1986315000	0.7793685840	0.7507557910
414	1.2022460480	0.7799687590	0.7602582420
415	1.2579453280	0.8814812910	0.7630727570
416	1.3236668210	0.7802030270	0.7491821790
417	1.2295162240	0.7848599590	0.7467343730
418	1.2788373970	0.8015582550	0.7473645300
419	1.2933811380	0.8940622050	0.7467894840
420	1.3019908540	0.9088383040	0.7468918200
421	1.2036474800	0.9220939580	0.8124589240
422	1.2999391600	0.8401674520	0.8065755500
423	1.2790039080	1.0096078370	0.9986509190
424	1.4428664780	0.9437431400	0.9231834470
425	1.7144126880	0.8959293050	0.8311742730
426	1.2439528110	0.8577981840	0.8974800770
427	1.2657020980	0.7999032330	0.8360512880
428	1.2882274610	1.0191127070	1.0047882820
429	1.3184398750	0.8444329710	0.9106181350
430	1.2547555470	0.8973309250	0.7679814480
431	1.2351416450	0.8340627490	0.7557042820
432	1.3145254750	0.7879167650	0.7591149490
433	1.2192484880	0.7909182860	0.7678528740
434	1.2102500000	0.7924969500	0.7552614580
435	1.2104506970	0.8084138380	0.8613841030
436	1.1900170750	0.8051446360	0.7518467230
437	1.1960989680	0.8116950580	0.7521499310
438	1.1932856430	0.8083416650	0.7647874620
439	1.2602747230	0.7931816760	0.7728180940
440	1.1955268200	0.8239681650	0.8777135170
441	1.1925877610	0.7842309320	0.7697337070
442	1.2401587120	0.8539408510	0.8254185500
443	1.2301453150	0.7880879680	0.7720914180
444	1.2368345420	0.8309729720	0.7572686390
445	1.2438915960	0.7909854360	0.7966934030
446	1.2827188990	0.7942228880	0.7540844070
447	1.2101788600	0.7908435810	0.7564471180
448	1.2123404700	0.7888289620	0.7580090430
449	1.2212492860	0.7998894560	0.7780353300
450	1.2246979810	0.7907581910	0.7502873240
451	1.1932652110	0.8788234000	0.7868693080
452	1.2891500140	0.8624352680	0.7547715800
453	1.2051479020	0.8097018150	0.7979623950
454	1.1953866340	0.8150610490	0.7540338040
455	1.1999869640	0.7940393850	0.7644718550
456	1.2550617200	0.9071804750	0.8542191740
457	1.2519164200	0.9018926620	0.7710029200
458	1.2503999580	0.7939406010	0.7765487740
459	1.2408605530	0.7898144620	0.7797811640
460	1.3021897370	0.7878869990	0.7744051790
461	1.2027937500	0.8062236740	0.7546694230
462	1.2130480550	0.7900031040	0.7553091820
463	1.2141607380	0.7857617670	0.7520866000
464	1.2695855840	0.8882131360	0.7515917260
465	1.2112963100	0.7825124440	0.7489046820
466	1.2081772200	0.7889632260	0.7485249730
467	1.2060462100	0.8029910200	0.7592689650
468	1.1989363690	0.8173354360	0.7677742610
469	1.2188286130	0.8082843510	0.7573674390
470	1.2063285850	0.8203340700	0.7509846770
471	1.2038995500	0.7940185550	0.7656054280
472	1.3328533710	0.8458020410	0.7753862580
473	1.3445185030	0.8125469430	0.7770081980
474	1.2401613000	0.7887954130	0.7934656180
475	1.2033229190	0.8015478350	0.8850917840
476	1.2509428020	0.7956880710	0.7850623630
477	1.1965070170	0.7883345130	0.7543085880
478	1.2266265150	0.8212830660	0.8688932410
479	1.3039181060	0.7957783510	0.8041963210
480	1.3525536030	0.9347473450	1.0086472690
481	1.4206387340	0.8546498720	0.8224114360
482	1.2120733100	0.8802681210	0.7541538620
483	1.2148401230	0.8595360750	0.7564966440
484	1.2435005740	0.8154126340	0.7952998610
485	1.3091670240	0.9047405380	0.8219929190
486	1.2812934060	0.8790251990	0.8181525450
487	1.2157743610	0.7938844170	0.7526485800
488	1.4477279050	0.8678281600	0.8025441480
489	1.4823459790	0.8048387120	0.8149070860
490	1.3239436970	0.7929789800	0.7858393330
491	1.2881560400	0.8477131390	0.7729386090
492	1.2718868350	0.8384393450	0.8268595390
493	1.3330554010	0.7828162340	0.7503458830
494	1.2129010660	0.7976594290	0.7627517840
495	1.4159262860	0.8426658710	0.9731359270
496	1.3266184420	0.9567393120	0.7761870730
497	1.3000722510	0.8920717890	0.8515906080
498	1.2096023310	0.8971391800	0.8569120190
499	1.2161471860	0.7909502190	0.7551792210
500	1.4400645880	0.8539106890	0.7647471500
501	1.2721353030	0.8340556950	0.7679761190
502	1.2696945650	0.7959820330	0.7522052470
503	1.2757849740	0.8586353290	0.7918621720
504	1.2400429900	0.8059987280	0.7613459400
505	1.2087178490	0.8210223790	0.8958191060
506	1.2416664620	0.8139478060	0.7576932510
507	1.2348037900	0.8374769500	0.8963686130
508	1.4009337780	0.9358631300	0.7888771570
509	1.4087655180	0.8575489810	0.8451011420
510	1.4848375610	0.7893029100	0.9614474420
511	1.3199880740	0.8111948640	0.7527573370
512	1.1989868390	0.9804479780	0.7809512290
513	1.2870747410	0.9046943050	0.8916912040
514	1.5323678370	0.8806288530	0.8511133730
515	1.2718307230	0.8684336360	0.8149286590
516	1.2216356220	0.8155584100	0.8559420600
517	1.2359375280	0.8093664890	0.8198225370
518	1.8626564650	0.8629225870	0.9341342960
519	1.4700938050	1.0542423810	0.9334414160
520	1.2598552290	0.7929511870	0.7610014640
521	1.2176287550	0.7885215110	0.7676965390
522	1.3018549340	0.8877695020	0.8213543380
523	1.2702390290	0.8218644310	0.9141312030
524	1.3686126400	0.7955930610	0.7528245040
525	1.2088594870	0.7884708240	0.7579621630
526	1.3381575610	0.8023392920	0.7528879620
527	1.2680407930	0.7887120360	0.7528889190
528	1.2198372620	0.7921334510	0.7489807150
529	1.3073986400	0.8275157560	0.7537247310
530	1.1918268520	0.7974459240	0.8543295470
531	1.2727396800	0.8616173540	0.7820710940
532	1.1915829520	0.8036747730	0.7524066380
533	1.2010596470	0.7861530490	0.7708281590
534	1.5254602950	0.8404965340	0.7885010420
535	1.2100573330	0.9223477310	0.8240612530
536	1.4083961170	0.8895144930	0.8352636110
537	1.4562953080	0.9443667190	0.8529958580
538	1.4383716920	0.8889844010	0.8976277710
539	1.3720794570	0.8812687660	0.8508657390
540	1.4322958750	0.8858248290	0.9168289520
541	1.2615398770	0.7965433190	0.8383552810
542	1.2041140690	0.8140601120	0.7543568340
543	1.2103421290	0.9389794200	0.7890227860
544	1.3402822490	0.8693278000	1.0047873440
545	1.3932120010	0.8423154990	0.7795665750
546	1.2467581290	0.9600128140	0.7679373220
547	1.3429285710	0.9128707540	0.8211482930
548	1.2789195130	0.9659615420	0.7958936270
549	1.3722416520	0.9495977090	0.9140270680
550	1.3059577150	0.8250320700	0.7546568610
551	1.3197461320	0.7973655660	0.7768049390
552	1.2388538460	0.8073533090	0.7532293090
553	1.3150995920	0.8578822780	0.8509562580
554	1.2712848530	0.9660000540	0.8112182890
555	1.2733554130	0.9016412540	0.9026266870
556	1.3777479110	0.8985014390	0.7859805100
557	1.2913504000	0.8114381180	0.8771248990
558	1.3260018300	0.8041688790	0.7535989090
559	1.1969957740	0.8159992830	0.8481738240
560	1.3560225280	0.9014857370	0.8522888450
561	1.2944712720	0.8392430330	0.7663496970
562	1.4150552740	0.8448183970	0.7618914760
563	1.3423660360	0.8990270640	0.9129009160
564	1.2308124320	0.8772850350	0.7562370400
565	1.3027321370	0.8817235510	0.7631618080
566	1.2022602640	0.8224885400	0.8588099330
567	1.2121788510	0.8678277400	0.8356679970
568	1.2832903430	0.9331483130	0.7836482010
569	1.3226524600	0.8916812100	0.7855395930
570	1.2509730680	0.8402147830	0.7740198140
571	1.2325413990	0.8580102900	0.7619517290
572	1.2881178050	0.8657517100	0.7571726400
573	1.1918284870	0.9206834640	0.7796603910
574	1.2917843550	0.8035306150	0.8090820950
575	1.2054908710	0.8426410270	0.7761592630
576	1.2709183000	0.8485875230	0.7855301170
577	1.2265489370	0.8056915550	0.8073627110
578	1.1977369140	0.8025787890	0.8174618970
579	1.2060888050	0.8761732930	0.9061411970
580	1.2103595530	0.8291444110	0.8158178710
581	1.2231051240	0.8104830750	0.8673543560
582	1.4299995590	0.8050348720	0.8097622050
583	1.2525531160	0.8186203530	0.7783996800
584	1.2455322570	0.8148006530	0.8002710210
585	1.2299267510	0.8012949410	0.7539057370
586	1.3285865700	0.7900763170	0.7516591720
587	1.2187388600	0.7852225060	0.7516854700
588	1.2379075410	0.9024960030	0.7593047770
589	1.3222414580	0.7890718640	0.7598573700
590	1.2179807680	0.8108622150	0.8254073960
591	1.3166728450	0.9103937990	0.7795453640
592	1.2082778280	0.8197521050	0.7523416720
593	1.2366518110	0.9161052860	0.7545312810
594	1.3475763020	0.9102147410	0.7910513950
595	1.2258967000	0.8243220540	0.7636000830
596	1.2431608450	0.8355482780	0.7777017150
597	1.2797664690	0.8999215610	0.7550592450
598	1.3065507750	0.8177596670	0.7536223660
599	1.2523123250	0.9058530860	0.7654387420
600	1.3041424700	0.7839580620	0.7703211680
601	1.4428493830	0.7915464830	0.7856365250
602	1.2268300720	0.8883647770	0.7742317300
603	1.3534703270	0.8920319540	0.7734138840
604	1.2187890530	0.8938637690	0.8196709330
605	1.2094110490	0.8098426800	0.7710749770
606	1.2572270140	0.8228163860	0.7718678390
607	1.2023268510	0.7928553460	0.8965880470
608	1.2636700360	0.7976315720	0.8153860060
609	1.2555766260	0.8957806140	0.8581864860
610	1.2591098790	0.7912370030	0.7523205410
611	1.2084861210	0.7904411140	0.7511370500
612	1.2063499400	0.8081118890	0.7700222740
613	1.2277691730	0.8064135710	0.8801031550
614	1.2197573950	0.7883523230	0.7622938390
615	1.2683774320	0.8079101060	0.7898040530
616	1.2633134540	0.7903519040	0.7532218110
617	1.1989835250	0.8099237540	0.8620333850
618	1.3397329240	0.8901930250	0.7508377370
619	1.2108317310	0.8135405680	0.7639513050
620	1.1990044280	0.8141182960	0.7772683140
621	1.2659495710	0.8374710780	0.7703879310
622	1.2469889010	0.8687724190	0.7618970240
623	1.2857320210	0.8092693880	0.8368708900
624	1.2860098090	0.8095746660	0.8066877160
625	1.2709226830	0.8246738530	0.7957048600
626	1.2053560070	0.7894302340	0.7863982400
627	1.1907931720	0.7871920040	0.7709103110
628	1.2049666210	0.7830010410	0.9298638930
629	1.2165856900	0.7851586010	0.7561503360
630	1.2251038870	0.7869297890	0.7492595920
631	1.2153422450	0.7818830210	0.7562026880
632	1.3406262280	0.9467298310	0.8735295650
633	1.2194516130	0.8524866170	0.7837816230
634	1.3341816890	0.9290646250	0.7772106530
635	1.2566726190	0.7869355230	0.9577865760
636	1.3102206740	0.7878577620	0.7614943740
637	1.2424804150	0.7866729800	0.8100934170
638	1.2263884920	0.7931127600	0.7655796020
639	1.2903523930	0.7968709480	0.8563576660
640	1.2430247700	0.8092722700	0.8521872390
641	1.3168189530	0.8777290230	0.8073284120
642	1.3000140370	0.8289000040	0.7685925720
643	1.2298503890	0.8852996290	0.8214465430
644	1.2335616630	0.8230888290	0.7868956550
645	1.2049081090	0.8162187170	0.7624851940
646	1.2708592180	0.8680030250	0.7567636910
647	1.2475035410	0.8547429660	0.7893925890
648	1.2222505340	0.7869702890	0.8586481650
649	1.2297205680	0.8354810840	0.8527075760
650	1.2526841780	0.7930017270	0.8323627010
651	1.2396146140	0.7892808260	0.8749679830
652	1.1994258630	0.9022586040	0.8880226110
653	1.2207419760	0.8139716800	0.8685933930
654	1.2438273090	0.7910999460	0.7851324200
655	1.2362147240	0.7940741580	0.7930274910
656	1.2051145420	0.8604320810	0.7569408170
657	1.2181887930	0.7955064660	0.7517792280
658	1.2643198110	0.8067572640	0.7654825800
659	1.2752280600	0.8946365440	0.8672284930
660	1.3638716290	0.8150670280	0.8257027780
661	1.2185520380	0.8148611650	0.8402322720
662	1.3350333620	0.7915758950	0.7893246990
663	1.2208482240	0.7927334530	0.7515139970
664	1.2463224020	0.7913865760	0.7522657210
665	1.2534835470	0.8241938670	0.8597331270
666	1.2482468230	0.8052813420	0.8051727830
667	1.4577508670	0.8003713050	0.7544526470
668	1.2083912450	0.8085602700	0.7977178180
669	1.3693665520	0.9076051070	0.7636144470
670	1.2268981890	0.8188534480	0.8244432280
671	1.1977867070	0.8275619920	0.7607996430
672	1.2227317950	0.8194374710	0.8022088960
673	1.2136532000	0.8053678260	0.7702842400
674	1.2079039670	0.8656217750	0.8356480750
675	1.2849184340	0.8438185310	0.8696955750
676	1.2496801750	0.7975127190	0.7914140840
677	1.2029883230	0.7900105760	0.7736583880
678	1.2008942070	0.7971788030	0.7723833090
679	1.2002329810	0.8075639330	0.8207852780
680	1.2546788710	0.9142404230	0.7768777390
681	1.2745536520	0.8036183050	0.7556739820
682	1.3504595920	0.8355004810	0.7886239200
683	1.2723939530	0.8155676740	0.7771914120
684	1.2666013020	0.7965089510	0.7640974150
685	1.3980364280	0.8381059960	0.7961210240
686	1.3415382830	0.9234446240	0.8323768620
687	1.3300057780	0.9376649430	0.8478055120
688	1.3510745730	0.8547417520	0.9480602380
689	1.3321587720	0.8173173900	0.7841641960
690	1.2906602810	0.8042674400	0.8612493520
691	1.2267654630	0.7915581600	0.8608011400
692	1.2573792250	0.7946187580	0.8534342560
693	1.2620897910	0.7906464050	0.7672271940
694	1.2091618960	0.8116798790	0.8795574170
695	1.2252966960	0.7944045550	0.8453025910
696	1.3581744980	0.8183031970	0.7809997680
697	1.3496058100	0.8243825300	0.7587293090
698	1.4261002900	0.7939299740	0.7733610180
699	1.2554990750	0.9285834980	0.8747149560
700	1.2564372180	0.8083547180	0.7715688810
701	1.2480147750	0.8123478660	0.7907793970
702	1.3013290280	0.8380592840	0.8101093870
703	1.3162290660	0.8258485250	0.8245016770
704	1.2179586930	0.8210410180	0.7562667240
705	1.2229514890	0.9189003660	0.7584593810
706	1.2508808250	0.8077768450	0.7647017700
707	1.2984534700	0.8882135660	0.7596638290
708	1.3346904980	0.8121965070	0.7559170470
709	1.3378316080	0.8655549690	0.7946127020
710	1.1940599160	0.7910298050	0.8075177810
711	1.2223364130	0.8058660600	0.7989956490
712	1.2257269480	0.8198733550	0.7747205030
713	1.2304852790	0.9059171950	0.8373166850
714	1.3049180060	0.8687625800	0.8377610550
715	1.2790872250	0.8510111160	0.8073432170
716	1.2275139360	0.7854643460	0.8714613070
717	1.2659238140	0.8286301480	0.7838666980
718	1.2019011500	0.8628511900	0.9969839400
719	1.1975791410	0.7882509300	0.7528173240
720	1.2149543270	0.7914082650	0.7555736520
721	1.2250142310	0.7884608530	0.7622612040
722	1.2193506940	0.7891447490	0.7551683920
723	1.2332038890	0.7896447380	0.7553085960
724	1.2118716680	0.7908895350	0.8117186400
725	1.3542441210	0.7896231480	0.7520797460
726	1.1962744300	0.8056237340	0.7589723620
727	1.3215384160	0.9166399110	0.7742772220
728	1.3145517750	0.8247357730	0.7536534400
729	1.1909945330	0.8125112390	0.7537508260
730	1.2405173920	0.8296055510	0.7776099670
731	1.1860556460	0.8966948330	0.7789162660
732	1.2737613110	0.9056106600	0.7859292560
733	1.2326696370	0.7910745770	0.7850221270
734	1.2105824420	0.7964126110	0.7934984410
735	1.2358892390	0.8006623290	0.8681183500
736	1.2120910140	0.8423465510	0.7871130650
737	1.2289486350	0.8255398750	0.8668133590
738	1.2095005980	0.8945957650	0.8604284660
739	1.2503804170	0.8280688270	0.7524693450
740	1.2368655420	0.8914164680	0.7575113540
741	1.2190199030	0.8001175610	0.7752561220
742	1.2699831790	0.7920424290	0.7910448670
743	1.2149509670	0.7907411260	0.7553092710
744	1.2441131130	0.7976462750	0.7566925060
745	1.2284386940	0.7916536200	0.7786624440
746	1.2363246160	0.8258498170	0.7565324580
747	1.1944206690	0.8201969090	0.7741939150
748	1.3250436160	0.8642331940	0.7672327100
749	1.2364276110	0.8096601630	0.7704645130
750	1.2788649480	0.8274250940	0.7695681470
751	1.2882770120	0.9008881470	0.8016241470
752	1.2427915260	0.7883517380	0.7710652920
753	1.2028995760	0.8105378630	0.8216518590
754	1.2964159090	0.7913305680	0.7696718260
755	1.2848112470	0.8101093920	0.7963159190
756	1.3193219070	1.1554397080	0.9169238520
757	1.2881206960	0.8655737460	0.8329758180
758	1.2922429730	0.8115175650	0.8065203660
759	1.1978214970	0.7932563650	0.8131380550
760	1.3740739290	0.8972219230	0.7727282310
761	1.1963425490	0.8143139470	0.8852443340
762	1.2283011400	0.8986101400	0.7824484790
763	1.3433438570	0.8982666580	0.8029371310
764	1.2273771480	0.8911282690	0.8776088200
765	1.2173468050	0.7865641420	0.8194653830
766	1.2004903400	0.7879561500	0.7524380530
767	1.2255787120	0.7856810770	0.8640141470
768	1.2052913200	0.8432546690	0.8161484130
769	1.2115802880	0.7822855730	0.7558691850
770	1.2460917190	0.8977021200	0.8668011790
771	1.4184040410	0.8255086260	0.7524012720
772	1.2116881060	0.8407251280	0.8694125360
773	1.3293026690	0.8935682070	0.7630096860
774	1.2377977460	0.7861417190	0.7554489200
775	1.2156530560	0.7882059960	0.7867192590
776	1.3340495900	0.7913263330	0.7543122830
777	1.1979118090	0.8288088170	0.8690375560
778	1.4287119920	0.7898893740	0.7545571970
779	1.1973913460	0.8032418980	0.7535116820
780	1.2979360380	0.8117386510	0.7560750090
781	1.2119347240	0.8128231390	0.7479877150
782	1.1992325070	0.7890647510	0.7719526870
783	1.3022883540	0.9254244280	0.7721458480
784	1.2699519430	0.8822581040	0.7826697060
785	1.3115815140	0.7898833100	0.7712112000
786	1.1919722620	0.7898722760	0.7729398810
787	1.2005003270	0.7892655030	0.7737262730
788	1.2045691410	0.8010916790	0.7575832860
789	1.2154547870	0.7867792480	0.7546422410
790	1.2240449140	0.7907410000	0.7541020230
791	1.2139588050	0.7936654080	0.7581186730
792	1.2392782920	0.9304417670	0.8132703840
793	1.3264121780	0.7960640940	0.7531457100
794	1.2200379260	0.7885297900	0.7533673190
795	1.2557532190	0.8021072730	0.7738378650
796	1.4229180930	0.7950113820	0.9222610250
797	1.2353546860	0.8053272390	0.7594099810
798	1.3061280780	0.8564649070	0.7539987950
799	1.2857337240	0.8104552360	0.7600505480
800	1.2971000620	0.8133658930	0.7932566320
801	1.2978212840	0.8160173340	0.7517257280
802	1.3161425910	0.8580772780	0.7600568440
803	1.2004246580	0.8518669150	0.7660302020
804	1.3482374200	0.9176264820	0.7841446610
805	1.4057556140	0.8899294370	0.7715635880
806	1.3123048500	0.8082115920	0.7561596640
807	1.1916341570	0.9028204110	0.7745470980
808	1.3621609500	0.9010981070	0.7702442490
809	1.3128883790	0.9040437630	0.7741091180
810	1.2009280950	0.7901705000	0.7815005940
811	1.2493765630	0.9017179740	0.7988535610
812	1.3051264450	0.8476946250	0.7655979760
813	1.4162998510	0.7907791050	0.8248500810
814	1.1953913010	0.8874137380	0.7911844200
815	1.3565369280	0.8548454950	0.7704276720
816	1.3472157000	0.8056363920	0.7677107680
817	1.1958907800	0.7929609940	0.7566822620
818	1.2139775830	0.7900019080	0.7561881860
819	1.2171419740	0.9058661540	0.7599980240
820	1.2288030920	0.7887295500	0.7521625790
821	1.2257934180	0.7898953200	0.7561547050
822	1.2836736090	0.7999304390	0.7621590260
823	1.2528837090	0.7984737870	0.7670639320
824	1.2530556960	0.8432337490	0.8321347450
825	1.3809098200	0.7964585240	0.7583748800
826	1.3267469610	0.8231076510	0.8573733500
827	1.2062686850	0.8029301220	0.7634661060
828	1.2965644230	0.8274363020	0.7588201460
829	1.2077891630	0.8086821500	0.7595007700
830	1.3038891450	0.8682078400	0.8633186360
831	1.2982807010	0.8796900040	0.8202558530
832	1.2944161380	0.8720510510	0.8193784100
833	1.2833036130	0.8018619180	0.7559912090
834	1.2047523980	0.8060053100	0.7827388920
835	1.1963126800	0.7834889360	0.7652118650
836	1.1906221660	0.7881175330	0.7711128770
837	1.2652597380	0.8954805290	0.7822634610
838	1.2425406800	0.8064113270	0.7514626390
839	1.2140762610	0.7861308990	0.7567982090
840	1.2091181660	0.8346522740	0.8209647840
841	1.4431121940	0.8293724640	0.7531777290
842	1.2379802590	0.7924898900	0.8810788160
843	1.2900337820	0.9863947860	0.8609538220
844	1.4685116350	0.9214763310	0.7638888820
845	1.2785087450	0.7889649880	0.8022846320
846	1.2742008350	0.7891049820	0.7530288380
847	1.2971877770	0.7860349620	0.8686279380
848	1.2275263150	0.7881102210	0.7556058720
849	1.2193437050	0.7891130970	0.7542687870
850	1.2097297200	0.7859241330	0.7515165590
851	1.3679629220	0.8385793270	0.8826169990
852	1.3097791790	0.8359841860	0.8485829310
853	1.2817024950	0.7901509400	0.7582514370
854	1.2351244830	0.8072612200	0.7563484590
855	1.2034865060	0.8440603490	0.8045265650
856	1.1888415440	0.8053315340	0.7517296720
857	1.3908637470	0.8931079010	0.7547207330
858	1.2972602090	0.8083482420	0.8205495190
859	1.2477014490	0.8070861600	0.7543471820
860	1.2610555510	0.7870363990	0.7665672330
861	1.2684424970	0.9013231270	0.7715300440
862	1.2091356530	0.7856144830	0.8865452140
863	1.3210502890	0.9064893000	0.8849029600
864	1.2060277810	0.8300240040	0.8253010570
865	1.2858992300	0.8575216930	0.7814865560
866	1.3564448180	0.8324222960	0.8949200560
867	1.3830243340	0.8443110480	0.8536519640
868	1.3071772820	0.8426983950	0.8387946120
869	1.3432670090	0.8540391070	0.8634313250
870	1.3833403760	0.8759585660	0.8714874050
871	1.2864656110	0.8192388380	0.8117797580
872	1.2874784330	0.8662196160	0.8987427330
873	1.3331901770	0.8268300360	0.8067771350
874	1.2217955280	0.8375999350	0.8862066370
875	1.2377419310	0.7999056680	0.7826365560
876	1.1978542820	0.7926542430	0.7685547930
877	1.2459609060	0.9012423150	0.8315002540
878	1.2042329560	0.8976603250	0.8885376060
879	1.2181125290	0.7989429480	0.7630245280
880	1.2560451260	0.7850396820	0.7523830340
881	1.2088790900	0.7889267530	0.7493782830
882	1.2327522130	0.7876294530	0.7616986350
883	1.2215445450	0.7852979390	0.7507940150
884	1.2246091160	0.8122483300	0.7659464820
885	1.2382206200	0.8310190960	0.7846527970
886	1.3011933420	0.8716239190	0.7722155160
887	1.4298590630	0.7970306390	0.8633430590
888	1.2342996620	0.8409221500	0.8744871970
889	1.2737531400	0.8065259290	0.7555508990
890	1.2147562670	0.8127909600	0.7958083630
891	1.3380154950	0.8279337190	0.7718659040
892	1.2940777430	0.9224776450	0.7751420710
893	1.2260976310	0.8239647790	0.7624621450
894	1.2022936730	0.8099166360	0.7664144630
895	1.1988557050	0.7872878250	0.7745832980
896	1.1889044060	0.7964535460	0.7644523040
897	1.3496369610	0.9196223490	0.8692283750
898	1.2079916550	0.7943538530	0.7782799360
899	1.2146421360	0.8179930190	0.7725640780
900	1.1982108970	0.7960581070	0.7692958500
901	1.2117541210	0.7987781580	0.8167024830
902	1.4204949410	0.9075618040	0.7542535400
903	1.2458978830	0.7879052180	0.7527118360
904	1.3050155860	0.7977269480	0.9756793870
905	1.3151857690	0.8010900180	0.7675018190
906	1.2531780520	0.8065770750	0.7686497150
907	1.2124504460	0.7959949110	0.7793140690
908	1.3000223280	0.8572534890	0.8011606060
909	1.3206568040	0.8545959920	0.8137844750
910	1.3251524640	0.8270981520	0.8216605620
911	1.3049325380	0.9781313200	0.8539177880
912	1.2165421500	0.8209911990	0.8917880380
913	1.3826257550	0.8093925370	0.7541253480
914	1.2108354820	0.8023058190	0.7943895000
915	1.3544006170	0.8713598920	0.7618218350
916	1.2243346400	0.7861803550	0.7511547010
917	1.3517021750	0.8446428250	0.7586134880
918	1.2783872950	0.8065665420	0.7535104470
919	1.2348005710	0.7990993040	0.7537683690
920	1.3023887450	0.8508113450	0.7590356550
921	1.2906518850	0.8087104270	0.7688620040
922	1.2534414630	0.8549968710	0.7530426830
923	1.1924046250	0.7896926840	0.7736648300
924	1.1976339100	0.7931992430	0.7755509090
925	1.2380864730	0.8427896380	0.8214643980
926	1.2428875410	1.0125480230	0.8782132050
927	1.1936696930	0.7841147150	0.7696888860
928	1.2009208020	0.7944595900	0.7671063500
929	1.2168806150	0.7948180230	0.8071218370
930	1.3282789090	0.8377785050	0.7527772130
931	1.2925692510	0.7880282370	0.7522605550
932	1.2187793670	0.8153363680	0.7874712940
933	1.2123980830	0.7846491800	0.7536198390
934	1.2073642310	0.7891825900	0.7523459720
935	1.1975126380	0.8057458560	0.7552137090
936	1.2096213020	0.8069377230	0.7608078960
937	1.2052607030	0.8177574330	0.8647364480
938	1.1882274320	0.8021504700	0.7540409290
939	1.3057388290	0.8206151260	0.7539762850
940	1.1935044490	0.7894935640	0.7699133750
941	1.1961637230	0.7847913930	0.7694393950
942	1.2118796980	0.7954016740	0.8108300440
943	1.3019035830	0.8939073340	0.8087204050
944	1.2794865870	0.8016557450	0.7562719090
945	1.2194834810	0.7916895520	0.8689036860
946	1.2948808610	0.7901916790	0.7740219840
947	1.2159804850	0.7883871650	0.7543317190
948	1.2238375930	0.7877086790	0.7530668670
949	1.2133295350	0.7879707390	0.7640220930
950	1.2122830270	0.8004454650	0.7540201590
951	1.2018861370	0.8031687150	0.8143082950
952	1.2881808170	0.8068965490	0.7501144760
953	1.2464240110	0.8531493320	0.8002711120
954	1.2091507800	0.8129408130	0.7575069600
955	1.2056003800	0.8123297910	0.7579428630
956	1.2449005900	0.7883666700	0.7692778160
957	1.1937858510	0.7872774200	0.7900246480
958	1.1927003070	0.8279762550	0.7720980160
959	1.2364897790	0.8967045020	0.7677100860
960	1.2042073090	0.8937047390	0.8851782630
961	1.2884399120	0.8961078520	0.7716488440
962	1.2457224620	0.8921074030	0.7614453650
963	1.2318083080	0.8358702510	0.7971641090
964	1.2195068000	0.7877546610	0.7898694410
965	1.2147676460	0.8590764590	0.7557781040
966	1.3097499330	0.7900265220	0.7562008700
967	1.2218615860	0.7890589620	0.7576572180
968	1.2340960270	0.8206633080	0.7518203270
969	1.2170337260	0.7930465140	0.7565484830
970	1.1977807970	0.8040725740	0.7540449870
971	1.2051104420	0.8080216850	0.7521683390
972	1.2571444500	0.9226469670	0.7553317460
973	1.1959690350	0.9095063960	0.7533392670
974	1.2513251220	0.8029786960	0.7576786850
975	1.1994076030	0.8013732260	0.7778587850
976	1.2057442650	0.7975688050	0.8784741730
977	1.1997240160	0.7885052450	0.7706043850
978	1.2405870470	0.9047894580	0.7977331600
979	1.2089565940	0.8393943630	0.7585280670
980	1.2086413710	0.8948965410	0.7905695230
981	1.2182915560	0.7871035570	0.7568498730
982	1.2876837930	0.7901704280	0.7715532990
983	1.2989664530	0.7886030570	0.7557424330
984	1.2117915960	0.7824631050	0.7494001880
985	1.2090566930	0.7876051770	0.8049993460
986	1.3160242950	0.7862539710	0.7510492990
987	1.2914696830	0.7890323900	0.8093529050
988	1.1981701770	0.8064157960	0.8103218630
989	1.2810729360	0.7995177200	0.8708107040
990	1.2940853550	0.9187366530	0.7542024850
991	1.2957583720	0.8102287940	0.7583087870
992	1.2999012300	0.9187464620	0.7509221080
993	1.2449232590	0.8080474180	0.7520635720
994	1.2796874170	0.9261879540	0.7541985730
995	1.2158514040	0.7878382790	0.7786930190
996	1.1899633380	0.7871338450	0.7828470850
997	1.2485950930	0.8948402780	0.7776924440
998	1.3056907870	0.8981030870	0.7699725630
999	1.2479688800	0.8974441730	0.7688875170
